1 0.6708984375 0.4306640625 0.166015625 0.27734375
1 0.6494140625 0.6611328125 0.1328125 0.2109375
0 0.279296875 0.408203125 0.162109375 0.201171875
0 0.2802734375 0.5849609375 0.158203125 0.2109375
0 0.8203125 0.4267578125 0.099609375 0.166015625
0 0.751953125 0.6552734375 0.07421875 0.146484375
0 0.6845703125 0.4267578125 0.10546875 0.14453125
0 0.6572265625 0.6591796875 0.0859375 0.13671875
0 0.5302734375 0.427734375 0.1171875 0.166015625
0 0.5390625 0.6630859375 0.103515625 0.173828125
1 0.251953125 0.4208984375 0.087890625 0.126953125
0 0.2646484375 0.572265625 0.107421875 0.125
