1 0.67578125 0.482421875 0.11328125 0.25
1 0.251953125 0.48046875 0.109375 0.1953125
1 0.61328125 0.6787109375 0.10546875 0.173828125
1 0.326171875 0.69140625 0.09765625 0.208984375
0 0.1513671875 0.49609375 0.076171875 0.1328125
0 0.23828125 0.4833984375 0.07421875 0.109375
0 0.21875 0.6787109375 0.076171875 0.15234375
0 0.3662109375 0.4638671875 0.099609375 0.1328125
0 0.3154296875 0.67578125 0.0703125 0.125
0 0.421875 0.6767578125 0.068359375 0.134765625
0 0.5166015625 0.6767578125 0.07421875 0.134765625
0 0.546875 0.4736328125 0.09765625 0.123046875
0 0.69140625 0.48828125 0.078125 0.15625
0 0.806640625 0.5224609375 0.09375 0.15625
0 0.7333984375 0.70703125 0.083984375 0.158203125
0 0.62890625 0.6806640625 0.068359375 0.130859375
