0 0.775390625 0.4150390625 0.08984375 0.126953125
0 0.888671875 0.384765625 0.0703125 0.12890625
1 0.6201171875 0.4287109375 0.140625 0.22265625
0 0.6259765625 0.42578125 0.06640625 0.1171875
0 0.4814453125 0.4365234375 0.09375 0.126953125
0 0.359375 0.4453125 0.142578125 0.2265625
1 0.328125 0.443359375 0.080078125 0.103515625
1 0.654296875 0.65625 0.12109375 0.22265625
0 0.6640625 0.666015625 0.0625 0.12109375
0 0.5244140625 0.6708984375 0.087890625 0.126953125
0 0.3994140625 0.6328125 0.142578125 0.240234375
0 0.3759765625 0.63671875 0.087890625 0.111328125
