0 0.443359375 0.4462890625 0.1640625 0.244140625
1 0.728515625 0.4404296875 0.150390625 0.234375
1 0.853515625 0.462890625 0.166015625 0.267578125
0 0.470703125 0.6357421875 0.166015625 0.240234375
0 0.8837890625 0.4716796875 0.078125 0.1171875
0 0.7353515625 0.4580078125 0.095703125 0.123046875
0 0.60546875 0.419921875 0.103515625 0.162109375
1 0.4443359375 0.4130859375 0.095703125 0.1484375
0 0.6162109375 0.65625 0.107421875 0.1640625
0 0.47265625 0.6640625 0.09765625 0.13671875
0 0.3173828125 0.64453125 0.107421875 0.150390625
