1 0.3203125 0.3583984375 0.12890625 0.255859375
1 0.7080078125 0.375 0.12109375 0.259765625
1 0.6650390625 0.6171875 0.111328125 0.240234375
1 0.3955078125 0.60546875 0.109375 0.216796875
0 0.72265625 0.3994140625 0.080078125 0.14453125
0 0.59765625 0.396484375 0.087890625 0.125
0 0.44140625 0.3876953125 0.095703125 0.12109375
0 0.302734375 0.36328125 0.080078125 0.111328125
0 0.40625 0.5693359375 0.06640625 0.111328125
0 0.49609375 0.572265625 0.060546875 0.107421875
0 0.5888671875 0.580078125 0.0625 0.095703125
0 0.6865234375 0.5791015625 0.060546875 0.09765625
