1 0.72265625 0.451171875 0.0849609375 0.2109375
1 0.3447265625 0.4296875 0.107421875 0.2373046875
1 0.6591796875 0.65234375 0.087890625 0.1669921875
1 0.390625 0.6416015625 0.087890625 0.1689453125
0 0.1962890625 0.439453125 0.06640625 0.119140625
0 0.337890625 0.43359375 0.0703125 0.115234375
0 0.4716796875 0.42578125 0.0908203125 0.1328125
0 0.6201171875 0.4326171875 0.0810546875 0.134765625
0 0.736328125 0.44921875 0.0595703125 0.115234375
0 0.8212890625 0.4541015625 0.06640625 0.1318359375
0 0.3828125 0.6220703125 0.0634765625 0.0966796875
0 0.48046875 0.626953125 0.0673828125 0.1181640625
0 0.5732421875 0.6181640625 0.064453125 0.109375
0 0.669921875 0.626953125 0.0546875 0.111328125
