0 0.2568359375 0.4716796875 0.16796875 0.20703125
0 0.2216796875 0.697265625 0.189453125 0.255859375
1 0.5703125 0.4033203125 0.181640625 0.263671875
1 0.6982421875 0.6396484375 0.146484375 0.2578125
1 0.2216796875 0.4541015625 0.087890625 0.1328125
0 0.1982421875 0.6767578125 0.091796875 0.138671875
0 0.5849609375 0.6689453125 0.1015625 0.16796875
0 0.423828125 0.404296875 0.09765625 0.14453125
0 0.578125 0.3896484375 0.08984375 0.123046875
0 0.7314453125 0.3779296875 0.087890625 0.115234375
0 0.71875 0.630859375 0.072265625 0.10546875
