0 0.3759765625 0.4248046875 0.142578125 0.18359375
0 0.3896484375 0.615234375 0.140625 0.212890625
1 0.6708984375 0.4296875 0.138671875 0.216796875
1 0.642578125 0.6064453125 0.10546875 0.169921875
0 0.8173828125 0.4453125 0.0859375 0.15234375
0 0.685546875 0.4345703125 0.083984375 0.125
0 0.5263671875 0.4169921875 0.099609375 0.14453125
0 0.5205078125 0.6201171875 0.08984375 0.138671875
0 0.654296875 0.599609375 0.072265625 0.103515625
0 0.373046875 0.615234375 0.087890625 0.162109375
0 0.24609375 0.6064453125 0.091796875 0.1328125
1 0.3662109375 0.4296875 0.09375 0.130859375
