1 0.2919921875 0.3642578125 0.109375 0.2490234375
1 0.6875 0.365234375 0.1123046875 0.25390625
1 0.337890625 0.6435546875 0.087890625 0.2470703125
1 0.611328125 0.6484375 0.091796875 0.2490234375
0 0.40625 0.365234375 0.0849609375 0.1201171875
0 0.55859375 0.3603515625 0.0849609375 0.1259765625
0 0.2734375 0.3671875 0.0693359375 0.1123046875
0 0.70703125 0.36328125 0.078125 0.1201171875
0 0.326171875 0.6357421875 0.0654296875 0.1162109375
0 0.6201171875 0.6376953125 0.0654296875 0.12890625
0 0.5185546875 0.630859375 0.0673828125 0.1064453125
0 0.4189453125 0.6259765625 0.064453125 0.109375
0 0.72265625 0.65234375 0.0615234375 0.130859375
