1 0.587890625 0.5771484375 0.0859375 0.32421875
1 0.4306640625 0.6015625 0.09375 0.375
0 0.5107421875 0.6064453125 0.0546875 0.236328125
0 0.5947265625 0.5859375 0.052734375 0.21875
0 0.42578125 0.6318359375 0.052734375 0.21875
0 0.3310546875 0.615234375 0.0625 0.30078125
0 0.6806640625 0.5732421875 0.06640625 0.228515625
0 0.751953125 0.5576171875 0.09765625 0.451171875
0 0.7685546875 0.515625 0.052734375 0.26953125
0 0.8232421875 0.51171875 0.052734375 0.21484375
0 0.2607421875 0.5849609375 0.09375 0.400390625
0 0.2490234375 0.587890625 0.060546875 0.2265625
