1 0.7138671875 0.396484375 0.0927734375 0.17578125
1 0.3193359375 0.38671875 0.1064453125 0.1708984375
0 0.306640625 0.376953125 0.06640625 0.0947265625
0 0.7255859375 0.3916015625 0.056640625 0.109375
0 0.595703125 0.3671875 0.0869140625 0.1279296875
0 0.4423828125 0.376953125 0.0849609375 0.12109375
1 0.37109375 0.578125 0.0849609375 0.1767578125
1 0.6416015625 0.5859375 0.0888671875 0.1728515625
0 0.2734375 0.59375 0.0634765625 0.1005859375
0 0.36328125 0.583984375 0.0625 0.0966796875
0 0.4560546875 0.587890625 0.0546875 0.0986328125
0 0.5537109375 0.5966796875 0.0556640625 0.1015625
0 0.6474609375 0.59765625 0.0537109375 0.1015625
