1 0.390625 0.6201171875 0.123046875 0.25
1 0.330078125 0.3876953125 0.134765625 0.251953125
1 0.7431640625 0.3486328125 0.140625 0.25390625
1 0.6904296875 0.59765625 0.119140625 0.251953125
0 0.599609375 0.603515625 0.076171875 0.119140625
0 0.4912109375 0.6103515625 0.072265625 0.111328125
0 0.3837890625 0.619140625 0.076171875 0.125
0 0.7099609375 0.59765625 0.078125 0.123046875
0 0.3154296875 0.3798828125 0.08203125 0.125
0 0.765625 0.34765625 0.076171875 0.119140625
0 0.6279296875 0.3623046875 0.08984375 0.119140625
0 0.4638671875 0.3759765625 0.095703125 0.1171875
0 0.203125 0.3759765625 0.087890625 0.158203125
0 0.265625 0.646484375 0.1015625 0.15625
