0 0.259765625 0.388671875 0.0849609375 0.1142578125
0 0.134765625 0.3857421875 0.0732421875 0.1279296875
1 0.4169921875 0.3974609375 0.1328125 0.27734375
0 0.4091796875 0.384765625 0.0732421875 0.1025390625
0 0.5400390625 0.3857421875 0.087890625 0.13671875
0 0.671875 0.4052734375 0.125 0.2421875
1 0.705078125 0.40234375 0.083984375 0.1376953125
0 0.5087890625 0.6220703125 0.087890625 0.1123046875
1 0.3916015625 0.615234375 0.1240234375 0.2373046875
0 0.388671875 0.626953125 0.078125 0.1171875
0 0.625 0.6025390625 0.12890625 0.251953125
0 0.6455078125 0.5966796875 0.09375 0.1044921875
