0 0.560546875 0.3642578125 0.08984375 0.1171875
0 0.3916015625 0.384765625 0.095703125 0.125
1 0.2744140625 0.3876953125 0.11328125 0.220703125
0 0.2509765625 0.40234375 0.08203125 0.1171875
0 0.697265625 0.3486328125 0.07421875 0.087890625
0 0.7861328125 0.3291015625 0.072265625 0.12109375
0 0.1630859375 0.396484375 0.072265625 0.115234375
1 0.62890625 0.5634765625 0.1171875 0.189453125
0 0.6376953125 0.564453125 0.078125 0.115234375
0 0.736328125 0.5732421875 0.076171875 0.126953125
1 0.3447265625 0.6005859375 0.115234375 0.203125
0 0.333984375 0.5888671875 0.06640625 0.10546875
0 0.2392578125 0.6005859375 0.078125 0.109375
0 0.8056640625 0.5341796875 0.10546875 0.1796875
0 0.8359375 0.521484375 0.0625 0.083984375
0 0.1728515625 0.6064453125 0.103515625 0.20703125
0 0.14453125 0.58984375 0.06640625 0.095703125
