0 0.248046875 0.38671875 0.17578125 0.2265625
1 0.5625 0.373046875 0.15625 0.24609375
1 0.5703125 0.6064453125 0.119140625 0.220703125
0 0.2890625 0.6171875 0.154296875 0.265625
0 0.265625 0.5810546875 0.087890625 0.119140625
1 0.2099609375 0.40234375 0.095703125 0.130859375
0 0.3974609375 0.3486328125 0.087890625 0.15234375
0 0.5625 0.37109375 0.09765625 0.12890625
0 0.7353515625 0.390625 0.09375 0.125
0 0.5751953125 0.6103515625 0.072265625 0.125
0 0.43359375 0.6103515625 0.095703125 0.154296875
