0 0.724609375 0.3603515625 0.09765625 0.123046875
0 0.8486328125 0.341796875 0.087890625 0.13671875
1 0.5703125 0.3876953125 0.166015625 0.291015625
0 0.576171875 0.375 0.0859375 0.111328125
0 0.4462890625 0.3916015625 0.103515625 0.146484375
0 0.3173828125 0.4267578125 0.154296875 0.255859375
1 0.2841796875 0.427734375 0.099609375 0.146484375
0 0.505859375 0.6220703125 0.1015625 0.123046875
1 0.6220703125 0.6015625 0.15234375 0.25
0 0.6259765625 0.6123046875 0.091796875 0.125
0 0.388671875 0.6171875 0.158203125 0.265625
0 0.3671875 0.61328125 0.10546875 0.115234375
