0 0.435546875 0.4560546875 0.13671875 0.23046875
1 0.7158203125 0.4052734375 0.125 0.220703125
1 0.8427734375 0.408203125 0.13671875 0.25390625
0 0.4921875 0.638671875 0.138671875 0.2265625
0 0.8740234375 0.412109375 0.064453125 0.111328125
0 0.7265625 0.421875 0.08203125 0.11328125
0 0.591796875 0.404296875 0.0859375 0.154296875
1 0.431640625 0.4228515625 0.080078125 0.140625
0 0.638671875 0.63671875 0.08984375 0.15625
0 0.4990234375 0.666015625 0.083984375 0.126953125
0 0.341796875 0.671875 0.091796875 0.140625
