0 0.6318359375 0.4404296875 0.134765625 0.177734375
0 0.595703125 0.626953125 0.130859375 0.20703125
1 0.3388671875 0.4091796875 0.12890625 0.212890625
1 0.345703125 0.5888671875 0.09765625 0.166015625
0 0.19140625 0.4072265625 0.080078125 0.1484375
0 0.32421875 0.4130859375 0.078125 0.12109375
0 0.484375 0.4140625 0.09375 0.140625
0 0.46484375 0.6171875 0.08203125 0.134765625
0 0.3349609375 0.580078125 0.06640625 0.1015625
0 0.611328125 0.6298828125 0.080078125 0.158203125
0 0.7392578125 0.63671875 0.0859375 0.12890625
1 0.6416015625 0.4462890625 0.087890625 0.126953125
