1 0.3125 0.3369140625 0.142578125 0.26171875
1 0.7041015625 0.392578125 0.146484375 0.267578125
1 0.3193359375 0.619140625 0.12109375 0.2578125
1 0.58984375 0.662109375 0.125 0.259765625
0 0.42578125 0.353515625 0.1015625 0.130859375
0 0.5771484375 0.3701171875 0.1015625 0.13671875
0 0.2939453125 0.3369140625 0.083984375 0.12109375
0 0.7236328125 0.3935546875 0.09375 0.12890625
0 0.30859375 0.6103515625 0.080078125 0.125
0 0.599609375 0.6533203125 0.08203125 0.13671875
0 0.5 0.6318359375 0.08203125 0.115234375
0 0.40234375 0.61328125 0.078125 0.1171875
0 0.69921875 0.681640625 0.080078125 0.138671875
