1 0.330078125 0.345703125 0.14453125 0.26171875
1 0.716796875 0.3896484375 0.138671875 0.265625
1 0.65625 0.62890625 0.126953125 0.24609375
1 0.388671875 0.59765625 0.123046875 0.22265625
0 0.728515625 0.4150390625 0.08984375 0.1484375
0 0.6044921875 0.4033203125 0.095703125 0.130859375
0 0.44921875 0.3837890625 0.103515625 0.126953125
0 0.3134765625 0.349609375 0.0859375 0.115234375
0 0.4013671875 0.5634765625 0.07421875 0.115234375
0 0.4912109375 0.5712890625 0.068359375 0.109375
0 0.5830078125 0.5859375 0.068359375 0.099609375
0 0.6806640625 0.591796875 0.06640625 0.1015625
