0 0.826171875 0.416015625 0.09375 0.1328125
1 0.6708984375 0.41796875 0.138671875 0.25
0 0.673828125 0.4208984375 0.08203125 0.111328125
0 0.52734375 0.4208984375 0.087890625 0.13671875
0 0.3837890625 0.4482421875 0.140625 0.205078125
1 0.3642578125 0.439453125 0.08203125 0.095703125
1 0.7080078125 0.646484375 0.11328125 0.228515625
0 0.7294921875 0.6376953125 0.0703125 0.12109375
0 0.609375 0.6708984375 0.0859375 0.109375
0 0.4072265625 0.681640625 0.146484375 0.2265625
0 0.3994140625 0.6728515625 0.08984375 0.119140625
