0 0.3154296875 0.4541015625 0.1416015625 0.1982421875
0 0.30078125 0.634765625 0.1396484375 0.1787109375
1 0.6162109375 0.416015625 0.126953125 0.2666015625
1 0.5810546875 0.6650390625 0.10546875 0.2431640625
1 0.287109375 0.45703125 0.0732421875 0.1171875
0 0.4765625 0.41015625 0.0859375 0.16015625
0 0.4677734375 0.6611328125 0.08203125 0.1630859375
0 0.2685546875 0.625 0.064453125 0.09765625
0 0.625 0.4306640625 0.076171875 0.126953125
0 0.5966796875 0.6328125 0.064453125 0.123046875
0 0.7705078125 0.421875 0.0830078125 0.140625
