1 0.4033203125 0.421875 0.138671875 0.2109375
0 0.7490234375 0.4228515625 0.1513671875 0.2099609375
0 0.697265625 0.62109375 0.1416015625 0.193359375
1 0.3935546875 0.619140625 0.1298828125 0.197265625
0 0.236328125 0.421875 0.080078125 0.126953125
0 0.3994140625 0.4189453125 0.091796875 0.1279296875
0 0.58984375 0.4013671875 0.0869140625 0.158203125
0 0.7724609375 0.4326171875 0.0947265625 0.1533203125
0 0.3828125 0.6015625 0.091796875 0.142578125
0 0.537109375 0.6123046875 0.0927734375 0.1796875
0 0.712890625 0.6201171875 0.0908203125 0.1474609375
