1 0.2978515625 0.5322265625 0.1640625 0.259765625
1 0.7109375 0.453125 0.14453125 0.234375
1 0.689453125 0.68359375 0.126953125 0.232421875
1 0.4111328125 0.755859375 0.126953125 0.236328125
0 0.72265625 0.4580078125 0.09375 0.138671875
0 0.5908203125 0.4931640625 0.109375 0.15234375
0 0.4365234375 0.5244140625 0.1171875 0.154296875
0 0.2841796875 0.5361328125 0.1015625 0.134765625
0 0.296875 0.7548828125 0.091796875 0.13671875
0 0.40625 0.74609375 0.08203125 0.14453125
0 0.5068359375 0.7333984375 0.08203125 0.1484375
0 0.6025390625 0.6982421875 0.078125 0.134765625
0 0.6982421875 0.673828125 0.08203125 0.130859375
0 0.7880859375 0.6357421875 0.080078125 0.126953125
