0 0.8115234375 0.3720703125 0.099609375 0.134765625
1 0.6572265625 0.3955078125 0.146484375 0.25390625
0 0.6611328125 0.3974609375 0.0859375 0.11328125
0 0.5166015625 0.41796875 0.091796875 0.138671875
0 0.376953125 0.46484375 0.1484375 0.208984375
1 0.357421875 0.458984375 0.0859375 0.09765625
1 0.7265625 0.6162109375 0.12109375 0.232421875
0 0.74609375 0.6044921875 0.07421875 0.123046875
0 0.6318359375 0.654296875 0.08984375 0.111328125
0 0.43359375 0.693359375 0.154296875 0.23046875
0 0.423828125 0.685546875 0.09375 0.123046875
