0 0.5654296875 0.0751953125 0.068359375 0.060546875
0 0.6591796875 0.0986328125 0.07421875 0.083984375
1 0.4609375 0.1728515625 0.119140625 0.1640625
0 0.458984375 0.0849609375 0.0625 0.08203125
0 0.3583984375 0.14453125 0.072265625 0.076171875
1 0.7109375 0.228515625 0.09375 0.171875
0 0.7421875 0.1728515625 0.0546875 0.087890625
0 0.798828125 0.2705078125 0.072265625 0.10546875
0 0.763671875 0.4873046875 0.1484375 0.201171875
1 0.837890625 0.453125 0.068359375 0.12109375
0 0.2783203125 0.3935546875 0.126953125 0.185546875
1 0.21484375 0.3544921875 0.0625 0.109375
