0 0.6884765625 0.283203125 0.173828125 0.259765625
1 0.419921875 0.26171875 0.16796875 0.28515625
0 0.642578125 0.7138671875 0.177734375 0.26171875
1 0.380859375 0.685546875 0.14453125 0.24609375
0 0.2568359375 0.22265625 0.091796875 0.123046875
0 0.419921875 0.255859375 0.107421875 0.1484375
0 0.5673828125 0.244140625 0.107421875 0.162109375
1 0.716796875 0.287109375 0.099609375 0.1484375
0 0.654296875 0.716796875 0.119140625 0.173828125
0 0.4892578125 0.7373046875 0.123046875 0.154296875
0 0.365234375 0.6962890625 0.08984375 0.134765625
