0 0.5263671875 0.0732421875 0.06640625 0.076171875
0 0.388671875 0.076171875 0.08203125 0.0859375
1 0.3037109375 0.21875 0.103515625 0.201171875
0 0.283203125 0.1650390625 0.060546875 0.099609375
0 0.208984375 0.2919921875 0.0546875 0.083984375
1 0.6298828125 0.171875 0.103515625 0.1796875
0 0.646484375 0.1201171875 0.05859375 0.091796875
0 0.7451171875 0.2275390625 0.0703125 0.1015625
0 0.8095703125 0.5390625 0.1640625 0.169921875
1 0.861328125 0.498046875 0.05078125 0.099609375
0 0.201171875 0.5888671875 0.171875 0.15234375
1 0.142578125 0.5634765625 0.0546875 0.08984375
