0 0.16796875 0.298828125 0.099609375 0.12890625
1 0.314453125 0.3154296875 0.1484375 0.2421875
0 0.2978515625 0.2998046875 0.078125 0.109375
0 0.4443359375 0.3193359375 0.0859375 0.125
0 0.5751953125 0.34765625 0.14453125 0.23046875
1 0.5908203125 0.3349609375 0.095703125 0.130859375
0 0.3203125 0.6513671875 0.080078125 0.1171875
0 0.236328125 0.6474609375 0.0703125 0.119140625
1 0.4423828125 0.6357421875 0.142578125 0.25
0 0.4501953125 0.6396484375 0.0859375 0.123046875
0 0.564453125 0.595703125 0.076171875 0.09765625
0 0.6787109375 0.560546875 0.134765625 0.17578125
1 0.69921875 0.55859375 0.087890625 0.10546875
