1 0.705078125 0.5 0.12890625 0.2421875
1 0.2841796875 0.486328125 0.11328125 0.21875
1 0.341796875 0.7109375 0.09375 0.220703125
1 0.6279296875 0.7392578125 0.09375 0.224609375
0 0.2734375 0.4931640625 0.07421875 0.12890625
0 0.4091796875 0.5078125 0.08984375 0.140625
0 0.56640625 0.5146484375 0.09765625 0.140625
0 0.71875 0.501953125 0.08203125 0.125
0 0.740234375 0.7197265625 0.072265625 0.126953125
0 0.630859375 0.728515625 0.0625 0.13671875
0 0.529296875 0.7314453125 0.0625 0.140625
0 0.4296875 0.7119140625 0.05859375 0.126953125
0 0.3310546875 0.703125 0.064453125 0.12109375
0 0.236328125 0.6787109375 0.0625 0.119140625
