1 0.6748046875 0.4765625 0.10546875 0.24609375
1 0.2509765625 0.4892578125 0.103515625 0.19140625
1 0.619140625 0.6748046875 0.099609375 0.171875
1 0.3330078125 0.697265625 0.08984375 0.205078125
0 0.1513671875 0.5078125 0.072265625 0.12890625
0 0.23828125 0.4921875 0.0703125 0.107421875
0 0.2255859375 0.6884765625 0.0703125 0.1484375
0 0.365234375 0.46875 0.09375 0.12890625
0 0.3212890625 0.6826171875 0.06640625 0.123046875
0 0.427734375 0.6796875 0.0625 0.1328125
0 0.5224609375 0.67578125 0.0703125 0.1328125
0 0.5458984375 0.4716796875 0.09375 0.119140625
0 0.6904296875 0.4814453125 0.07421875 0.154296875
0 0.8076171875 0.51171875 0.087890625 0.15234375
0 0.740234375 0.69921875 0.078125 0.15625
0 0.634765625 0.67578125 0.0625 0.12890625
