0 0.4384765625 0.4521484375 0.14453125 0.234375
1 0.72265625 0.4208984375 0.1328125 0.224609375
1 0.8486328125 0.4326171875 0.146484375 0.2578125
0 0.4833984375 0.6376953125 0.146484375 0.23046875
0 0.8798828125 0.4384765625 0.068359375 0.11328125
0 0.7314453125 0.4375 0.0859375 0.1171875
0 0.5986328125 0.4111328125 0.091796875 0.15625
1 0.4365234375 0.41796875 0.083984375 0.142578125
0 0.62890625 0.6455078125 0.095703125 0.158203125
0 0.4873046875 0.666015625 0.087890625 0.130859375
0 0.330078125 0.66015625 0.095703125 0.14453125
