0 0.65625 0.2587890625 0.140625 0.2431640625
1 0.3876953125 0.275390625 0.130859375 0.2705078125
0 0.6708984375 0.6923828125 0.1455078125 0.244140625
1 0.408203125 0.7001953125 0.1142578125 0.232421875
0 0.220703125 0.2587890625 0.0771484375 0.11328125
0 0.38671875 0.26953125 0.0888671875 0.1376953125
0 0.53125 0.2373046875 0.0869140625 0.15234375
1 0.6845703125 0.2587890625 0.0810546875 0.138671875
0 0.6826171875 0.693359375 0.09765625 0.162109375
0 0.5224609375 0.736328125 0.103515625 0.140625
0 0.3935546875 0.712890625 0.0732421875 0.125
