0 0.8486328125 0.34375 0.095703125 0.13671875
1 0.6708984375 0.3623046875 0.17578125 0.27734375
0 0.6875 0.35546875 0.107421875 0.12890625
0 0.53515625 0.361328125 0.103515625 0.146484375
0 0.345703125 0.392578125 0.193359375 0.2734375
1 0.2734375 0.4033203125 0.107421875 0.154296875
1 0.685546875 0.625 0.15625 0.2578125
0 0.7060546875 0.6435546875 0.08984375 0.138671875
0 0.5615234375 0.64453125 0.111328125 0.17578125
0 0.40234375 0.59765625 0.16796875 0.248046875
0 0.3935546875 0.6005859375 0.099609375 0.15234375
0 0.2783203125 0.57421875 0.09375 0.125
