1 0.349609375 0.4501953125 0.1220703125 0.314453125
0 0.6455078125 0.46484375 0.13671875 0.2197265625
0 0.619140625 0.650390625 0.1259765625 0.2216796875
0 0.185546875 0.458984375 0.0673828125 0.1357421875
0 0.328125 0.4814453125 0.0703125 0.130859375
0 0.4990234375 0.47265625 0.0947265625 0.16796875
1 0.673828125 0.48046875 0.0751953125 0.138671875
0 0.626953125 0.650390625 0.0830078125 0.1318359375
0 0.47265625 0.6455078125 0.0810546875 0.1318359375
0 0.7529296875 0.6240234375 0.080078125 0.1259765625
