1 0.2763671875 0.455078125 0.087890625 0.212890625
1 0.654296875 0.4267578125 0.111328125 0.23828125
1 0.34375 0.6552734375 0.08984375 0.16796875
1 0.6123046875 0.6396484375 0.091796875 0.169921875
0 0.802734375 0.4345703125 0.068359375 0.12109375
0 0.6611328125 0.4306640625 0.072265625 0.1171875
0 0.52734375 0.42578125 0.09375 0.134765625
0 0.37890625 0.4345703125 0.083984375 0.13671875
0 0.2626953125 0.453125 0.0625 0.1171875
0 0.177734375 0.4599609375 0.068359375 0.1328125
0 0.619140625 0.6201171875 0.064453125 0.09765625
0 0.521484375 0.626953125 0.0703125 0.119140625
0 0.4287109375 0.619140625 0.06640625 0.111328125
0 0.33203125 0.6298828125 0.056640625 0.111328125
