0 0.1650390625 0.30859375 0.09375 0.12890625
1 0.31640625 0.337890625 0.134765625 0.251953125
0 0.2890625 0.310546875 0.08984375 0.1171875
0 0.4462890625 0.3251953125 0.103515625 0.125
0 0.630859375 0.34765625 0.158203125 0.220703125
1 0.63671875 0.34375 0.111328125 0.1328125
0 0.189453125 0.5771484375 0.072265625 0.140625
1 0.3603515625 0.591796875 0.138671875 0.30859375
0 0.349609375 0.572265625 0.091796875 0.138671875
0 0.501953125 0.5576171875 0.08984375 0.126953125
0 0.6513671875 0.55078125 0.158203125 0.212890625
0 0.650390625 0.541015625 0.09375 0.11328125
