1 0.712890625 0.3720703125 0.1171875 0.251953125
1 0.3173828125 0.3583984375 0.12109375 0.2578125
1 0.6572265625 0.6494140625 0.095703125 0.25
1 0.3837890625 0.64453125 0.099609375 0.251953125
0 0.5986328125 0.3681640625 0.08984375 0.123046875
0 0.4462890625 0.3583984375 0.08984375 0.12890625
0 0.7314453125 0.375 0.072265625 0.115234375
0 0.2978515625 0.3564453125 0.08203125 0.123046875
0 0.6689453125 0.6416015625 0.0703125 0.119140625
0 0.375 0.6337890625 0.0703125 0.130859375
0 0.4765625 0.6298828125 0.0703125 0.109375
0 0.576171875 0.62890625 0.068359375 0.111328125
0 0.2724609375 0.64453125 0.06640625 0.1328125
