0 0.7412109375 0.365234375 0.1875 0.234375
1 0.4267578125 0.37890625 0.16796875 0.25390625
1 0.439453125 0.6123046875 0.130859375 0.2265625
0 0.720703125 0.5986328125 0.16796875 0.2734375
0 0.740234375 0.560546875 0.09375 0.123046875
1 0.7802734375 0.3779296875 0.103515625 0.13671875
0 0.5888671875 0.33984375 0.095703125 0.15625
0 0.4267578125 0.376953125 0.103515625 0.1328125
0 0.255859375 0.4111328125 0.099609375 0.130859375
0 0.4345703125 0.6162109375 0.078125 0.12890625
0 0.576171875 0.6044921875 0.103515625 0.16015625
