0 0.5654296875 0.41796875 0.10546875 0.1640625
0 0.4072265625 0.419921875 0.099609375 0.169921875
1 0.279296875 0.400390625 0.146484375 0.2890625
0 0.2568359375 0.4267578125 0.08984375 0.146484375
1 0.6845703125 0.384765625 0.125 0.29296875
0 0.7060546875 0.4091796875 0.080078125 0.14453125
0 0.8056640625 0.3974609375 0.076171875 0.12109375
0 0.1435546875 0.427734375 0.0625 0.123046875
0 0.5947265625 0.67578125 0.064453125 0.150390625
0 0.494140625 0.6748046875 0.08203125 0.154296875
1 0.404296875 0.7001953125 0.115234375 0.259765625
0 0.3896484375 0.6982421875 0.080078125 0.11328125
0 0.2841796875 0.6875 0.07421875 0.111328125
1 0.6767578125 0.6708984375 0.103515625 0.251953125
0 0.6875 0.662109375 0.064453125 0.130859375
0 0.7763671875 0.654296875 0.05859375 0.1171875
