0 0.56640625 0.3798828125 0.0859375 0.12109375
0 0.43359375 0.34765625 0.080078125 0.1015625
1 0.3349609375 0.3544921875 0.08984375 0.19921875
0 0.322265625 0.365234375 0.0625 0.103515625
1 0.6669921875 0.3896484375 0.087890625 0.1953125
0 0.6796875 0.3896484375 0.052734375 0.123046875
0 0.7578125 0.4052734375 0.064453125 0.107421875
0 0.2451171875 0.369140625 0.072265625 0.1015625
0 0.5126953125 0.640625 0.07421875 0.1484375
0 0.42578125 0.6357421875 0.068359375 0.138671875
1 0.3583984375 0.62109375 0.09375 0.228515625
0 0.345703125 0.6162109375 0.06640625 0.111328125
1 0.5888671875 0.6435546875 0.09765625 0.22265625
0 0.603515625 0.63671875 0.072265625 0.12890625
0 0.6826171875 0.6337890625 0.068359375 0.111328125
0 0.2705078125 0.61328125 0.06640625 0.134765625
