0 0.203125 0.2490234375 0.09765625 0.12890625
1 0.345703125 0.2880859375 0.14453125 0.240234375
0 0.33203125 0.2705078125 0.078125 0.107421875
0 0.47265625 0.3134765625 0.083984375 0.123046875
0 0.59765625 0.361328125 0.140625 0.228515625
1 0.615234375 0.3515625 0.09375 0.12890625
0 0.298828125 0.62109375 0.078125 0.115234375
0 0.216796875 0.6044921875 0.068359375 0.119140625
1 0.421875 0.625 0.138671875 0.248046875
0 0.4296875 0.6298828125 0.083984375 0.123046875
0 0.548828125 0.6044921875 0.07421875 0.095703125
0 0.6669921875 0.587890625 0.130859375 0.173828125
1 0.6875 0.58984375 0.0859375 0.10546875
