0 0.2900390625 0.41015625 0.0927734375 0.123046875
1 0.443359375 0.4287109375 0.1259765625 0.2333984375
0 0.4326171875 0.4306640625 0.076171875 0.1103515625
0 0.5703125 0.4453125 0.095703125 0.12890625
0 0.7080078125 0.4638671875 0.1396484375 0.2314453125
1 0.7392578125 0.4609375 0.0654296875 0.1083984375
0 0.5361328125 0.6748046875 0.0869140625 0.0966796875
1 0.419921875 0.6708984375 0.1083984375 0.259765625
0 0.408203125 0.6630859375 0.0634765625 0.1103515625
0 0.6494140625 0.66015625 0.1044921875 0.2490234375
0 0.66796875 0.658203125 0.080078125 0.1318359375
