0 0.59375 0.3251953125 0.0859375 0.123046875
0 0.423828125 0.306640625 0.0859375 0.1171875
1 0.30859375 0.318359375 0.119140625 0.25390625
1 0.708984375 0.349609375 0.138671875 0.24609375
0 0.728515625 0.349609375 0.07421875 0.119140625
0 0.29296875 0.3056640625 0.072265625 0.107421875
1 0.61328125 0.6259765625 0.107421875 0.25
1 0.330078125 0.5966796875 0.107421875 0.234375
0 0.6171875 0.623046875 0.078125 0.130859375
0 0.5244140625 0.625 0.078125 0.126953125
0 0.419921875 0.6083984375 0.076171875 0.12109375
0 0.3251953125 0.6005859375 0.07421875 0.125
