0 0.548828125 0.0751953125 0.0625 0.07421875
0 0.4111328125 0.0712890625 0.078125 0.08203125
1 0.318359375 0.208984375 0.09375 0.197265625
0 0.3017578125 0.154296875 0.056640625 0.09765625
0 0.220703125 0.27734375 0.05078125 0.08203125
1 0.6474609375 0.1796875 0.09375 0.17578125
0 0.666015625 0.12890625 0.0546875 0.087890625
0 0.7587890625 0.2412109375 0.06640625 0.099609375
0 0.806640625 0.5546875 0.15625 0.1640625
1 0.861328125 0.5166015625 0.046875 0.09765625
0 0.1962890625 0.5732421875 0.1640625 0.14453125
1 0.1396484375 0.544921875 0.05078125 0.087890625
