1 0.587890625 0.412109375 0.16015625 0.224609375
0 0.244140625 0.44921875 0.171875 0.224609375
0 0.31640625 0.640625 0.16015625 0.20703125
1 0.6181640625 0.607421875 0.150390625 0.208984375
0 0.75390625 0.39453125 0.09375 0.134765625
0 0.591796875 0.4091796875 0.10546875 0.13671875
0 0.400390625 0.4111328125 0.103515625 0.166015625
0 0.2216796875 0.4619140625 0.109375 0.162109375
0 0.626953125 0.5888671875 0.10546875 0.15234375
0 0.474609375 0.615234375 0.111328125 0.1875
0 0.30078125 0.6416015625 0.10546875 0.15625
