0 0.265625 0.3759765625 0.091796875 0.119140625
0 0.1416015625 0.3671875 0.080078125 0.130859375
1 0.4228515625 0.3935546875 0.146484375 0.283203125
0 0.4150390625 0.3798828125 0.078125 0.10546875
0 0.5458984375 0.3876953125 0.095703125 0.140625
0 0.6767578125 0.4140625 0.13671875 0.248046875
1 0.7099609375 0.4130859375 0.091796875 0.142578125
0 0.501953125 0.6220703125 0.09375 0.1171875
1 0.3857421875 0.609375 0.13671875 0.244140625
0 0.3818359375 0.62109375 0.083984375 0.12109375
0 0.619140625 0.609375 0.142578125 0.2578125
0 0.640625 0.6044921875 0.099609375 0.109375
