1 0.3037109375 0.3955078125 0.11328125 0.240234375
1 0.6845703125 0.3857421875 0.10546875 0.234375
1 0.3603515625 0.6298828125 0.1142578125 0.234375
1 0.6455078125 0.619140625 0.1064453125 0.2216796875
0 0.42578125 0.396484375 0.1015625 0.1298828125
0 0.5791015625 0.380859375 0.08984375 0.1181640625
0 0.6962890625 0.384765625 0.08203125 0.1337890625
0 0.28515625 0.4033203125 0.078125 0.1337890625
0 0.5517578125 0.6259765625 0.06640625 0.13671875
0 0.453125 0.6337890625 0.0703125 0.130859375
0 0.66015625 0.62109375 0.0751953125 0.1337890625
0 0.3486328125 0.6259765625 0.078125 0.1240234375
