0 0.423828125 0.373046875 0.0771484375 0.1083984375
0 0.59375 0.3720703125 0.0830078125 0.115234375
1 0.7099609375 0.361328125 0.0888671875 0.2109375
0 0.7353515625 0.373046875 0.068359375 0.1103515625
0 0.2861328125 0.3740234375 0.0654296875 0.080078125
0 0.1953125 0.365234375 0.0595703125 0.1142578125
0 0.822265625 0.3564453125 0.05859375 0.1083984375
1 0.3798828125 0.5791015625 0.095703125 0.1787109375
0 0.37109375 0.5810546875 0.0654296875 0.1083984375
0 0.2744140625 0.6015625 0.0615234375 0.12109375
1 0.666015625 0.5810546875 0.091796875 0.1943359375
0 0.67578125 0.568359375 0.0556640625 0.0986328125
0 0.771484375 0.568359375 0.06640625 0.1015625
0 0.201171875 0.5712890625 0.0849609375 0.169921875
0 0.1689453125 0.5625 0.0537109375 0.078125
0 0.837890625 0.5654296875 0.0791015625 0.1982421875
0 0.8642578125 0.5458984375 0.0556640625 0.08984375
