1 0.412109375 0.5771484375 0.0859375 0.32421875
1 0.5693359375 0.6015625 0.09375 0.375
0 0.4892578125 0.6064453125 0.0546875 0.236328125
0 0.4052734375 0.5859375 0.052734375 0.21875
0 0.57421875 0.6318359375 0.052734375 0.21875
0 0.6689453125 0.615234375 0.0625 0.30078125
0 0.3193359375 0.5732421875 0.06640625 0.228515625
0 0.248046875 0.5576171875 0.09765625 0.451171875
0 0.2314453125 0.515625 0.052734375 0.26953125
0 0.1767578125 0.51171875 0.052734375 0.21484375
0 0.7392578125 0.5849609375 0.09375 0.400390625
0 0.7509765625 0.587890625 0.060546875 0.2265625
