1 0.2939453125 0.3818359375 0.10546875 0.181640625
1 0.6884765625 0.3994140625 0.1171875 0.177734375
0 0.701171875 0.390625 0.072265625 0.099609375
0 0.2822265625 0.3759765625 0.064453125 0.11328125
0 0.4140625 0.3603515625 0.095703125 0.1328125
0 0.56640625 0.380859375 0.09375 0.126953125
1 0.623046875 0.5869140625 0.09765625 0.181640625
1 0.3525390625 0.576171875 0.1015625 0.177734375
0 0.7197265625 0.609375 0.0703125 0.10546875
0 0.630859375 0.59375 0.068359375 0.1015625
0 0.5380859375 0.5908203125 0.060546875 0.1015625
0 0.439453125 0.5927734375 0.0625 0.10546875
0 0.345703125 0.5869140625 0.060546875 0.10546875
