1 0.255859375 0.4443359375 0.1015625 0.236328125
1 0.65625 0.45703125 0.1171875 0.2373046875
1 0.3251953125 0.6943359375 0.1064453125 0.2392578125
1 0.599609375 0.68359375 0.111328125 0.2177734375
0 0.3701171875 0.4443359375 0.08984375 0.1123046875
0 0.53125 0.4521484375 0.083984375 0.1162109375
0 0.6708984375 0.4599609375 0.0625 0.1142578125
0 0.240234375 0.4375 0.0703125 0.119140625
0 0.50390625 0.689453125 0.0615234375 0.103515625
0 0.416015625 0.6923828125 0.064453125 0.12109375
0 0.6044921875 0.6923828125 0.076171875 0.125
0 0.3203125 0.697265625 0.0703125 0.1142578125
