1 0.30078125 0.4716796875 0.146484375 0.220703125
1 0.7236328125 0.41015625 0.134765625 0.24609375
1 0.3837890625 0.6689453125 0.119140625 0.220703125
1 0.6826171875 0.6201171875 0.111328125 0.15625
0 0.1845703125 0.47265625 0.0859375 0.1171875
0 0.28125 0.6669921875 0.08984375 0.158203125
0 0.2880859375 0.4755859375 0.08984375 0.134765625
0 0.37890625 0.669921875 0.08203125 0.13671875
0 0.43359375 0.4560546875 0.109375 0.169921875
0 0.603515625 0.43359375 0.103515625 0.154296875
0 0.4755859375 0.6591796875 0.087890625 0.134765625
0 0.5830078125 0.6455078125 0.087890625 0.1328125
0 0.68359375 0.6142578125 0.0859375 0.12109375
0 0.77734375 0.5966796875 0.07421875 0.1171875
0 0.83984375 0.37890625 0.07421875 0.13671875
0 0.7373046875 0.4052734375 0.09375 0.140625
