1 0.669921875 0.4072265625 0.169921875 0.2265625
0 0.39453125 0.3935546875 0.154296875 0.2109375
1 0.7001953125 0.623046875 0.14453125 0.203125
0 0.443359375 0.5771484375 0.1484375 0.236328125
1 0.3798828125 0.3935546875 0.103515625 0.12109375
0 0.54296875 0.3720703125 0.1171875 0.181640625
0 0.6953125 0.4072265625 0.1015625 0.158203125
0 0.8291015625 0.408203125 0.099609375 0.1875
0 0.3125 0.5439453125 0.09375 0.12109375
0 0.4443359375 0.572265625 0.1171875 0.154296875
0 0.5869140625 0.5986328125 0.107421875 0.146484375
0 0.72265625 0.6201171875 0.087890625 0.15234375
0 0.8125 0.6142578125 0.080078125 0.142578125
