0 0.18359375 0.2861328125 0.091796875 0.1328125
1 0.35546875 0.3349609375 0.16796875 0.2734375
0 0.33984375 0.3251953125 0.103515625 0.126953125
0 0.4892578125 0.357421875 0.099609375 0.14453125
0 0.6708984375 0.4208984375 0.185546875 0.26953125
1 0.740234375 0.4443359375 0.103515625 0.15234375
1 0.2958984375 0.5908203125 0.1484375 0.25390625
0 0.2724609375 0.60546875 0.0859375 0.13671875
0 0.4140625 0.6318359375 0.10546875 0.173828125
0 0.5791015625 0.61328125 0.16015625 0.244140625
0 0.587890625 0.6181640625 0.095703125 0.1484375
0 0.7060546875 0.611328125 0.08984375 0.123046875
