0 0.375 0.4267578125 0.140625 0.181640625
0 0.3916015625 0.6171875 0.138671875 0.2109375
1 0.669921875 0.4267578125 0.134765625 0.216796875
1 0.64453125 0.6044921875 0.103515625 0.169921875
0 0.81640625 0.439453125 0.083984375 0.150390625
0 0.68359375 0.431640625 0.08203125 0.123046875
0 0.5244140625 0.4169921875 0.09765625 0.142578125
0 0.5224609375 0.6201171875 0.087890625 0.138671875
0 0.6552734375 0.5966796875 0.0703125 0.103515625
0 0.375 0.6171875 0.083984375 0.16015625
0 0.2470703125 0.6103515625 0.08984375 0.130859375
1 0.365234375 0.431640625 0.091796875 0.12890625
