1 0.7353515625 0.41015625 0.099609375 0.2001953125
1 0.3017578125 0.4248046875 0.1015625 0.1845703125
1 0.3623046875 0.64453125 0.099609375 0.2578125
0 0.2890625 0.4111328125 0.068359375 0.111328125
0 0.4345703125 0.404296875 0.0947265625 0.10546875
0 0.60546875 0.396484375 0.0810546875 0.109375
0 0.751953125 0.3955078125 0.0654296875 0.1064453125
0 0.3623046875 0.626953125 0.0625 0.1220703125
0 0.4677734375 0.6220703125 0.0654296875 0.1083984375
0 0.5849609375 0.6201171875 0.0654296875 0.1171875
