0 0.55078125 0.0732421875 0.06640625 0.05859375
0 0.6455078125 0.09375 0.072265625 0.08203125
1 0.44921875 0.173828125 0.115234375 0.162109375
0 0.4443359375 0.0869140625 0.05859375 0.080078125
0 0.3466796875 0.1494140625 0.0703125 0.07421875
1 0.701171875 0.2216796875 0.087890625 0.169921875
0 0.73046875 0.1640625 0.052734375 0.087890625
0 0.7900390625 0.259765625 0.068359375 0.103515625
0 0.763671875 0.478515625 0.142578125 0.197265625
1 0.8359375 0.44140625 0.064453125 0.119140625
0 0.275390625 0.4013671875 0.12109375 0.181640625
1 0.2099609375 0.365234375 0.060546875 0.107421875
