0 0.271484375 0.3310546875 0.099609375 0.12890625
1 0.4189453125 0.369140625 0.150390625 0.26953125
0 0.4140625 0.353515625 0.08203125 0.10546875
0 0.5498046875 0.3779296875 0.095703125 0.125
0 0.6884765625 0.4306640625 0.1484375 0.244140625
1 0.71484375 0.4189453125 0.087890625 0.10546875
0 0.15234375 0.318359375 0.07421875 0.111328125
1 0.380859375 0.5986328125 0.12890625 0.279296875
0 0.3671875 0.5830078125 0.08203125 0.12890625
0 0.494140625 0.609375 0.091796875 0.130859375
0 0.615234375 0.6083984375 0.1484375 0.271484375
0 0.6328125 0.6123046875 0.09765625 0.134765625
