0 0.3193359375 0.44140625 0.154296875 0.20703125
0 0.2919921875 0.6201171875 0.15234375 0.1875
1 0.6220703125 0.4248046875 0.14453125 0.275390625
1 0.5693359375 0.669921875 0.123046875 0.25
1 0.291015625 0.4423828125 0.08203125 0.12109375
0 0.482421875 0.4091796875 0.09765625 0.166015625
0 0.45703125 0.658203125 0.09375 0.16796875
0 0.2607421875 0.6083984375 0.0703125 0.1015625
0 0.6298828125 0.439453125 0.083984375 0.1328125
0 0.5869140625 0.6396484375 0.072265625 0.126953125
0 0.775390625 0.44140625 0.091796875 0.146484375
