1 0.671875 0.591796875 0.10546875 0.193359375
1 0.3515625 0.55859375 0.103515625 0.19140625
1 0.65234375 0.4033203125 0.091796875 0.19921875
1 0.4248046875 0.380859375 0.099609375 0.19921875
0 0.74609375 0.4189453125 0.0703125 0.12890625
0 0.658203125 0.40625 0.0703125 0.12890625
0 0.587890625 0.3828125 0.0625 0.119140625
0 0.509765625 0.3720703125 0.06640625 0.09765625
0 0.4228515625 0.3671875 0.0703125 0.107421875
0 0.6796875 0.59375 0.076171875 0.123046875
0 0.341796875 0.5478515625 0.064453125 0.09765625
