1 0.6552734375 0.3994140625 0.16015625 0.275390625
1 0.6767578125 0.6298828125 0.12890625 0.2109375
0 0.265625 0.4521484375 0.16015625 0.19921875
0 0.2998046875 0.625 0.154296875 0.208984375
0 0.7998046875 0.3671875 0.09765625 0.1640625
0 0.7763671875 0.6044921875 0.072265625 0.14453125
0 0.6669921875 0.3935546875 0.1015625 0.14453125
0 0.6845703125 0.6259765625 0.083984375 0.134765625
0 0.515625 0.4228515625 0.11328125 0.166015625
0 0.5693359375 0.65234375 0.1015625 0.171875
1 0.2412109375 0.4697265625 0.0859375 0.125
0 0.283203125 0.6162109375 0.10546875 0.123046875
