0 0.4287109375 0.314453125 0.080078125 0.119140625
0 0.599609375 0.3173828125 0.080078125 0.11328125
1 0.7119140625 0.3427734375 0.10546875 0.25
1 0.310546875 0.3251953125 0.126953125 0.2421875
0 0.291015625 0.322265625 0.0703125 0.115234375
0 0.7294921875 0.33203125 0.068359375 0.10546875
1 0.3720703125 0.6103515625 0.09375 0.24609375
1 0.6572265625 0.6171875 0.095703125 0.23046875
0 0.3681640625 0.607421875 0.072265625 0.12890625
0 0.4609375 0.62109375 0.072265625 0.125
0 0.56640625 0.6171875 0.0703125 0.119140625
0 0.6611328125 0.62109375 0.068359375 0.123046875
