0 0.3232421875 0.4287109375 0.16796875 0.216796875
0 0.2841796875 0.60546875 0.1640625 0.197265625
1 0.626953125 0.4326171875 0.162109375 0.28125
1 0.5576171875 0.6748046875 0.138671875 0.255859375
1 0.294921875 0.427734375 0.087890625 0.126953125
0 0.4892578125 0.408203125 0.107421875 0.169921875
0 0.4453125 0.6552734375 0.103515625 0.173828125
0 0.2529296875 0.591796875 0.078125 0.10546875
0 0.6337890625 0.44921875 0.09375 0.13671875
0 0.5771484375 0.64453125 0.080078125 0.130859375
0 0.7783203125 0.4599609375 0.1015625 0.150390625
