0 0.4404296875 0.376953125 0.080078125 0.1171875
0 0.57421875 0.3515625 0.07421875 0.09765625
1 0.6728515625 0.36328125 0.080078125 0.197265625
0 0.6845703125 0.375 0.05859375 0.099609375
1 0.3388671875 0.380859375 0.078125 0.19140625
0 0.326171875 0.3798828125 0.046875 0.12109375
0 0.2470703125 0.392578125 0.05859375 0.10546875
0 0.76171875 0.3828125 0.06640625 0.09765625
0 0.4794921875 0.6396484375 0.06640625 0.146484375
0 0.5673828125 0.6396484375 0.060546875 0.13671875
1 0.634765625 0.62890625 0.08203125 0.224609375
0 0.6474609375 0.6240234375 0.060546875 0.109375
1 0.4033203125 0.638671875 0.0859375 0.21875
0 0.3896484375 0.630859375 0.06640625 0.126953125
0 0.310546875 0.6240234375 0.0625 0.109375
0 0.72265625 0.625 0.05859375 0.130859375
