1 0.650390625 0.3974609375 0.125 0.232421875
1 0.345703125 0.3388671875 0.115234375 0.25
1 0.5439453125 0.6328125 0.11328125 0.212890625
1 0.314453125 0.580078125 0.115234375 0.22265625
0 0.55859375 0.357421875 0.099609375 0.126953125
0 0.439453125 0.3408203125 0.091796875 0.123046875
0 0.345703125 0.3359375 0.07421875 0.115234375
0 0.6611328125 0.3857421875 0.08984375 0.123046875
0 0.740234375 0.396484375 0.087890625 0.15625
0 0.267578125 0.3154296875 0.087890625 0.158203125
0 0.6396484375 0.66796875 0.09375 0.154296875
0 0.21875 0.576171875 0.087890625 0.138671875
0 0.5478515625 0.626953125 0.072265625 0.109375
0 0.2998046875 0.5791015625 0.08203125 0.126953125
0 0.4638671875 0.6064453125 0.07421875 0.111328125
0 0.3828125 0.58984375 0.07421875 0.111328125
