1 0.73828125 0.4228515625 0.12109375 0.244140625
1 0.3408203125 0.470703125 0.13671875 0.24609375
1 0.69140625 0.6787109375 0.126953125 0.248046875
1 0.4169921875 0.69140625 0.130859375 0.2265625
0 0.625 0.43359375 0.099609375 0.119140625
0 0.46484375 0.455078125 0.09375 0.123046875
0 0.326171875 0.474609375 0.072265625 0.119140625
0 0.7529296875 0.4150390625 0.080078125 0.125
0 0.5126953125 0.689453125 0.0703125 0.109375
0 0.6005859375 0.6845703125 0.07421875 0.126953125
0 0.4130859375 0.701171875 0.0859375 0.130859375
0 0.6962890625 0.6806640625 0.080078125 0.119140625
