1 0.658203125 0.404296875 0.15234375 0.271484375
1 0.6728515625 0.6357421875 0.123046875 0.20703125
0 0.267578125 0.443359375 0.15234375 0.1953125
0 0.2958984375 0.6181640625 0.1484375 0.205078125
0 0.8046875 0.3779296875 0.091796875 0.162109375
0 0.7724609375 0.6142578125 0.06640625 0.142578125
0 0.6708984375 0.3994140625 0.09765625 0.140625
0 0.6796875 0.6328125 0.080078125 0.1328125
0 0.5185546875 0.423828125 0.109375 0.162109375
0 0.5634765625 0.6552734375 0.095703125 0.169921875
1 0.2431640625 0.4609375 0.08203125 0.123046875
0 0.2783203125 0.6083984375 0.103515625 0.12109375
