1 0.6630859375 0.4130859375 0.138671875 0.263671875
1 0.6650390625 0.64453125 0.11328125 0.201171875
0 0.2705078125 0.431640625 0.14453125 0.1875
0 0.2900390625 0.607421875 0.13671875 0.197265625
0 0.810546875 0.3935546875 0.083984375 0.15625
0 0.7666015625 0.6279296875 0.05859375 0.140625
0 0.67578125 0.408203125 0.08984375 0.13671875
0 0.6728515625 0.6416015625 0.07421875 0.12890625
0 0.5224609375 0.4248046875 0.1015625 0.15625
0 0.5556640625 0.658203125 0.0859375 0.1640625
1 0.2451171875 0.447265625 0.076171875 0.119140625
0 0.2734375 0.5966796875 0.09765625 0.115234375
