0 0.560546875 0.4521484375 0.103515625 0.123046875
0 0.41796875 0.41015625 0.095703125 0.126953125
1 0.3359375 0.3798828125 0.09765625 0.177734375
0 0.3125 0.357421875 0.0625 0.099609375
1 0.669921875 0.46875 0.12109375 0.20703125
0 0.6787109375 0.4619140625 0.078125 0.123046875
0 0.751953125 0.4853515625 0.0625 0.087890625
0 0.2568359375 0.3427734375 0.052734375 0.09765625
0 0.490234375 0.6064453125 0.068359375 0.1171875
0 0.4169921875 0.595703125 0.072265625 0.115234375
1 0.3466796875 0.580078125 0.107421875 0.2109375
0 0.3505859375 0.572265625 0.06640625 0.125
1 0.5693359375 0.6416015625 0.107421875 0.220703125
0 0.5712890625 0.634765625 0.07421875 0.115234375
0 0.6708984375 0.6533203125 0.080078125 0.11328125
0 0.2568359375 0.529296875 0.072265625 0.115234375
