1 0.7138671875 0.4208984375 0.11328125 0.220703125
1 0.3369140625 0.4521484375 0.138671875 0.25
1 0.6787109375 0.62890625 0.109375 0.177734375
1 0.4111328125 0.6552734375 0.111328125 0.1796875
0 0.1904296875 0.482421875 0.08203125 0.126953125
0 0.330078125 0.45703125 0.0859375 0.123046875
0 0.4619140625 0.4306640625 0.109375 0.14453125
0 0.609375 0.4169921875 0.099609375 0.14453125
0 0.7265625 0.4169921875 0.07421875 0.123046875
0 0.8115234375 0.41015625 0.083984375 0.140625
0 0.4013671875 0.63671875 0.076171875 0.10546875
0 0.498046875 0.62890625 0.083984375 0.126953125
0 0.5888671875 0.6064453125 0.078125 0.1171875
0 0.685546875 0.6025390625 0.0703125 0.1171875
