0 0.2607421875 0.34765625 0.0908203125 0.123046875
1 0.41015625 0.375 0.1318359375 0.2607421875
0 0.404296875 0.359375 0.0751953125 0.099609375
0 0.541015625 0.375 0.087890625 0.1201171875
0 0.68359375 0.41796875 0.1318359375 0.236328125
1 0.708984375 0.404296875 0.0810546875 0.099609375
0 0.140625 0.3427734375 0.06640625 0.1064453125
1 0.3876953125 0.6064453125 0.1103515625 0.271484375
0 0.373046875 0.591796875 0.07421875 0.125
0 0.501953125 0.609375 0.083984375 0.125
0 0.6220703125 0.6005859375 0.1298828125 0.2626953125
0 0.640625 0.6025390625 0.08984375 0.1279296875
