1 0.2509765625 0.474609375 0.12890625 0.24609375
1 0.6494140625 0.4384765625 0.14453125 0.25
1 0.3505859375 0.7138671875 0.134765625 0.25
1 0.62109375 0.669921875 0.13671875 0.23046875
0 0.3642578125 0.4609375 0.103515625 0.123046875
0 0.525390625 0.4482421875 0.09765625 0.125
0 0.6650390625 0.439453125 0.076171875 0.12109375
0 0.234375 0.4697265625 0.083984375 0.126953125
0 0.52734375 0.6875 0.07421875 0.109375
0 0.4404296875 0.701171875 0.078125 0.12890625
0 0.626953125 0.677734375 0.091796875 0.1328125
0 0.345703125 0.7177734375 0.083984375 0.12109375
