0 0.783203125 0.44921875 0.103515625 0.13671875
0 0.900390625 0.4326171875 0.0859375 0.134765625
1 0.6279296875 0.4443359375 0.166015625 0.236328125
0 0.634765625 0.4423828125 0.078125 0.123046875
0 0.4892578125 0.4345703125 0.107421875 0.13671875
0 0.3671875 0.4287109375 0.16796875 0.2421875
1 0.3359375 0.4228515625 0.091796875 0.11328125
1 0.634765625 0.673828125 0.146484375 0.234375
0 0.642578125 0.6845703125 0.076171875 0.126953125
0 0.5029296875 0.6728515625 0.1015625 0.13671875
0 0.3837890625 0.6201171875 0.169921875 0.255859375
0 0.359375 0.6201171875 0.099609375 0.12109375
