0 0.4130859375 0.3798828125 0.0859375 0.115234375
0 0.58203125 0.3642578125 0.091796875 0.12109375
1 0.697265625 0.34375 0.107421875 0.21875
0 0.7236328125 0.3525390625 0.078125 0.115234375
0 0.2763671875 0.3935546875 0.072265625 0.0859375
0 0.1845703125 0.392578125 0.068359375 0.119140625
0 0.80859375 0.3291015625 0.068359375 0.11328125
1 0.3876953125 0.5888671875 0.111328125 0.185546875
0 0.37890625 0.591796875 0.07421875 0.11328125
0 0.2841796875 0.62109375 0.072265625 0.126953125
1 0.6728515625 0.56640625 0.107421875 0.201171875
0 0.6806640625 0.552734375 0.064453125 0.103515625
0 0.7763671875 0.544921875 0.07421875 0.107421875
0 0.208984375 0.5966796875 0.099609375 0.17578125
0 0.17578125 0.5908203125 0.060546875 0.08203125
0 0.8427734375 0.5361328125 0.095703125 0.205078125
0 0.8671875 0.513671875 0.0625 0.09375
