1 0.7119140625 0.392578125 0.095703125 0.177734375
1 0.3173828125 0.3896484375 0.109375 0.171875
0 0.3046875 0.3798828125 0.068359375 0.095703125
0 0.7236328125 0.3876953125 0.05859375 0.109375
0 0.59375 0.365234375 0.08984375 0.12890625
0 0.4404296875 0.3779296875 0.087890625 0.123046875
1 0.3720703125 0.580078125 0.087890625 0.177734375
1 0.6435546875 0.5830078125 0.091796875 0.173828125
0 0.275390625 0.59765625 0.064453125 0.1015625
0 0.365234375 0.5859375 0.064453125 0.09765625
0 0.4580078125 0.5888671875 0.056640625 0.099609375
0 0.5556640625 0.595703125 0.056640625 0.1015625
0 0.6494140625 0.5947265625 0.0546875 0.1015625
