1 0.2919921875 0.419921875 0.142578125 0.251953125
1 0.6689453125 0.3642578125 0.1328125 0.24609375
1 0.376953125 0.6455078125 0.142578125 0.24609375
1 0.6591796875 0.6005859375 0.1328125 0.232421875
0 0.4140625 0.40625 0.1171875 0.140625
0 0.564453125 0.3720703125 0.103515625 0.12890625
0 0.6806640625 0.361328125 0.09765625 0.142578125
0 0.275390625 0.4306640625 0.09375 0.142578125
0 0.56640625 0.619140625 0.08203125 0.14453125
0 0.4697265625 0.638671875 0.0859375 0.138671875
0 0.673828125 0.6005859375 0.091796875 0.142578125
0 0.365234375 0.6435546875 0.091796875 0.1328125
