0 0.154296875 0.322265625 0.107421875 0.134765625
1 0.3017578125 0.3291015625 0.1640625 0.248046875
0 0.28515625 0.314453125 0.0859375 0.11328125
0 0.431640625 0.32421875 0.091796875 0.12890625
0 0.564453125 0.3427734375 0.158203125 0.23828125
1 0.5791015625 0.3291015625 0.103515625 0.13671875
0 0.3310546875 0.6630859375 0.0859375 0.12109375
0 0.2470703125 0.666015625 0.076171875 0.123046875
1 0.4521484375 0.638671875 0.158203125 0.255859375
0 0.4599609375 0.642578125 0.09375 0.126953125
0 0.5703125 0.5908203125 0.08203125 0.1015625
0 0.6826171875 0.5478515625 0.14453125 0.181640625
1 0.703125 0.544921875 0.09375 0.111328125
