0 0.451171875 0.439453125 0.095703125 0.1171875
0 0.599609375 0.4306640625 0.087890625 0.12109375
1 0.6865234375 0.419921875 0.083984375 0.171875
0 0.7138671875 0.4033203125 0.0546875 0.09765625
1 0.341796875 0.4306640625 0.103515625 0.201171875
0 0.333984375 0.4228515625 0.0703125 0.119140625
0 0.2568359375 0.4287109375 0.056640625 0.083984375
0 0.7724609375 0.4013671875 0.044921875 0.09375
0 0.4853515625 0.60546875 0.05859375 0.11328125
0 0.5595703125 0.6123046875 0.0625 0.111328125
1 0.630859375 0.61328125 0.08984375 0.205078125
0 0.6298828125 0.6044921875 0.056640625 0.12109375
1 0.400390625 0.6220703125 0.08984375 0.21484375
0 0.400390625 0.615234375 0.064453125 0.111328125
0 0.2998046875 0.611328125 0.072265625 0.109375
0 0.73046875 0.583984375 0.0625 0.111328125
