1 0.4150390625 0.580078125 0.07421875 0.3212890625
1 0.5732421875 0.5986328125 0.080078125 0.3720703125
0 0.4931640625 0.6064453125 0.046875 0.234375
0 0.408203125 0.5888671875 0.0458984375 0.2177734375
0 0.5791015625 0.62890625 0.0458984375 0.2177734375
0 0.6728515625 0.609375 0.052734375 0.2998046875
0 0.322265625 0.5791015625 0.05859375 0.2275390625
0 0.25 0.56640625 0.08203125 0.44921875
0 0.232421875 0.525390625 0.0439453125 0.2685546875
0 0.177734375 0.5234375 0.044921875 0.2138671875
0 0.7421875 0.576171875 0.0791015625 0.3974609375
0 0.75390625 0.5791015625 0.0537109375 0.224609375
