1 0.3935546875 0.4365234375 0.166015625 0.228515625
0 0.736328125 0.388671875 0.1796875 0.228515625
0 0.7119140625 0.5927734375 0.16796875 0.2109375
1 0.4111328125 0.6328125 0.15625 0.212890625
0 0.2275390625 0.458984375 0.09765625 0.13671875
0 0.388671875 0.43359375 0.109375 0.138671875
0 0.5751953125 0.3896484375 0.107421875 0.16796875
0 0.7607421875 0.3955078125 0.115234375 0.1640625
0 0.3984375 0.6171875 0.111328125 0.154296875
0 0.552734375 0.6064453125 0.1171875 0.19140625
0 0.7275390625 0.5888671875 0.111328125 0.158203125
