0 0.8212890625 0.3994140625 0.087890625 0.1279296875
1 0.666015625 0.4091796875 0.1259765625 0.2431640625
0 0.669921875 0.412109375 0.076171875 0.107421875
0 0.5234375 0.419921875 0.0810546875 0.1328125
0 0.380859375 0.4541015625 0.130859375 0.1982421875
1 0.361328125 0.4462890625 0.078125 0.0908203125
1 0.7158203125 0.6357421875 0.1015625 0.2236328125
0 0.736328125 0.6259765625 0.0634765625 0.1181640625
0 0.6181640625 0.6650390625 0.080078125 0.1044921875
0 0.4169921875 0.6865234375 0.1357421875 0.2197265625
0 0.408203125 0.677734375 0.083984375 0.115234375
