1 0.6826171875 0.5673828125 0.087890625 0.185546875
1 0.3603515625 0.5791015625 0.083984375 0.18359375
1 0.6376953125 0.3837890625 0.072265625 0.193359375
1 0.4091796875 0.392578125 0.080078125 0.19140625
0 0.732421875 0.3857421875 0.05859375 0.125
0 0.6435546875 0.384765625 0.056640625 0.125
0 0.5712890625 0.3720703125 0.05078125 0.115234375
0 0.4921875 0.3720703125 0.056640625 0.091796875
0 0.4052734375 0.3798828125 0.05859375 0.1015625
0 0.6904296875 0.568359375 0.064453125 0.1171875
0 0.349609375 0.5693359375 0.0546875 0.091796875
