1 0.705078125 0.5 0.1279296875 0.2431640625
1 0.2841796875 0.486328125 0.1123046875 0.21875
1 0.341796875 0.7109375 0.0927734375 0.220703125
1 0.6279296875 0.7392578125 0.0927734375 0.224609375
0 0.2734375 0.4931640625 0.0751953125 0.1279296875
0 0.4091796875 0.5078125 0.0888671875 0.1396484375
0 0.56640625 0.5146484375 0.0966796875 0.140625
0 0.71875 0.501953125 0.0830078125 0.1240234375
0 0.740234375 0.7197265625 0.072265625 0.126953125
0 0.630859375 0.728515625 0.0615234375 0.1357421875
0 0.529296875 0.7314453125 0.0615234375 0.1396484375
0 0.4296875 0.7119140625 0.05859375 0.126953125
0 0.3310546875 0.703125 0.064453125 0.1220703125
0 0.236328125 0.6787109375 0.0615234375 0.119140625
