1 0.7041015625 0.3779296875 0.107421875 0.18359375
1 0.310546875 0.4033203125 0.12109375 0.1796875
0 0.296875 0.39453125 0.07421875 0.099609375
0 0.71484375 0.3720703125 0.06640625 0.11328125
0 0.583984375 0.359375 0.09765625 0.134765625
0 0.431640625 0.3828125 0.095703125 0.12890625
1 0.3779296875 0.5888671875 0.099609375 0.18359375
1 0.6484375 0.5732421875 0.103515625 0.1796875
0 0.2822265625 0.61328125 0.072265625 0.10546875
0 0.37109375 0.595703125 0.0703125 0.1015625
0 0.4638671875 0.591796875 0.0625 0.103515625
0 0.5615234375 0.591796875 0.064453125 0.10546875
0 0.6552734375 0.583984375 0.0625 0.10546875
