1 0.681640625 0.5703125 0.083984375 0.18359375
1 0.359375 0.576171875 0.0810546875 0.1826171875
1 0.6396484375 0.3857421875 0.068359375 0.19140625
1 0.4111328125 0.390625 0.076171875 0.1904296875
0 0.734375 0.3896484375 0.0556640625 0.1240234375
0 0.6455078125 0.3876953125 0.0546875 0.1240234375
0 0.5732421875 0.373046875 0.048828125 0.1142578125
0 0.494140625 0.3720703125 0.0556640625 0.091796875
0 0.4072265625 0.3779296875 0.0576171875 0.1005859375
0 0.689453125 0.5712890625 0.0615234375 0.1162109375
0 0.3486328125 0.56640625 0.0537109375 0.091796875
