1 0.3037109375 0.4580078125 0.1328125 0.21484375
1 0.7294921875 0.42578125 0.119140625 0.240234375
1 0.3720703125 0.6611328125 0.10546875 0.21484375
1 0.673828125 0.6328125 0.1015625 0.15234375
0 0.1875 0.4501953125 0.080078125 0.11328125
0 0.26953125 0.6513671875 0.080078125 0.154296875
0 0.291015625 0.4609375 0.08203125 0.12890625
0 0.3671875 0.6611328125 0.07421875 0.134765625
0 0.4365234375 0.451171875 0.099609375 0.1640625
0 0.607421875 0.4404296875 0.095703125 0.150390625
0 0.46484375 0.6572265625 0.080078125 0.130859375
0 0.572265625 0.650390625 0.078125 0.12890625
0 0.6748046875 0.626953125 0.078125 0.1171875
0 0.76953125 0.6162109375 0.06640625 0.11328125
0 0.84765625 0.4033203125 0.06640625 0.134765625
0 0.7431640625 0.421875 0.0859375 0.13671875
