1 0.6865234375 0.4248046875 0.138671875 0.21875
1 0.2607421875 0.466796875 0.126953125 0.2421875
1 0.6533203125 0.6357421875 0.111328125 0.21875
1 0.3515625 0.6611328125 0.107421875 0.154296875
0 0.7998046875 0.396484375 0.083984375 0.115234375
0 0.7529296875 0.609375 0.083984375 0.15625
0 0.69921875 0.4248046875 0.0859375 0.1328125
0 0.658203125 0.6357421875 0.078125 0.13671875
0 0.5537109375 0.44140625 0.10546875 0.166015625
0 0.3837890625 0.4599609375 0.099609375 0.15234375
0 0.5615234375 0.6484375 0.083984375 0.1328125
0 0.455078125 0.6611328125 0.08203125 0.130859375
0 0.349609375 0.6552734375 0.08203125 0.119140625
0 0.2548828125 0.6611328125 0.0703125 0.115234375
0 0.140625 0.46484375 0.0703125 0.13671875
0 0.2470703125 0.4658203125 0.08984375 0.138671875
