1 0.677734375 0.35546875 0.1328125 0.255859375
1 0.2890625 0.3779296875 0.126953125 0.26171875
1 0.3369140625 0.6201171875 0.115234375 0.2421875
1 0.6064453125 0.603515625 0.11328125 0.21875
0 0.275390625 0.4033203125 0.08203125 0.14453125
0 0.4013671875 0.3974609375 0.08984375 0.126953125
0 0.556640625 0.3857421875 0.09765625 0.123046875
0 0.6943359375 0.359375 0.08203125 0.11328125
0 0.5947265625 0.568359375 0.068359375 0.11328125
0 0.5048828125 0.572265625 0.0625 0.107421875
0 0.4130859375 0.5810546875 0.064453125 0.095703125
0 0.3154296875 0.58203125 0.0625 0.099609375
