0 0.5634765625 0.455078125 0.1328125 0.2275390625
1 0.2822265625 0.4091796875 0.12109375 0.21875
1 0.1552734375 0.4140625 0.1328125 0.2509765625
0 0.509765625 0.638671875 0.1357421875 0.2236328125
0 0.1240234375 0.4189453125 0.0634765625 0.1103515625
0 0.2724609375 0.42578125 0.0810546875 0.1123046875
0 0.40625 0.40625 0.083984375 0.15234375
1 0.5673828125 0.421875 0.0771484375 0.138671875
0 0.36328125 0.638671875 0.0869140625 0.154296875
0 0.50390625 0.666015625 0.0810546875 0.1259765625
0 0.6611328125 0.6689453125 0.0888671875 0.1396484375
