0 0.75 0.3828125 0.171875 0.22265625
1 0.435546875 0.3740234375 0.1513671875 0.244140625
1 0.431640625 0.607421875 0.115234375 0.21875
0 0.712890625 0.61328125 0.150390625 0.263671875
0 0.7353515625 0.5771484375 0.0859375 0.1171875
1 0.7880859375 0.3974609375 0.09375 0.1298828125
0 0.599609375 0.3466796875 0.0849609375 0.1513671875
0 0.435546875 0.3720703125 0.0947265625 0.126953125
0 0.2626953125 0.39453125 0.091796875 0.1240234375
0 0.4267578125 0.611328125 0.0703125 0.1240234375
0 0.568359375 0.609375 0.09375 0.1533203125
