1 0.3369140625 0.4130859375 0.138671875 0.263671875
1 0.3349609375 0.64453125 0.1123046875 0.201171875
0 0.7294921875 0.431640625 0.1435546875 0.1875
0 0.7099609375 0.607421875 0.1376953125 0.197265625
0 0.189453125 0.3935546875 0.083984375 0.1572265625
0 0.2333984375 0.6279296875 0.0595703125 0.140625
0 0.32421875 0.408203125 0.0908203125 0.13671875
0 0.3271484375 0.6416015625 0.0732421875 0.12890625
0 0.4775390625 0.4248046875 0.1005859375 0.1572265625
0 0.4443359375 0.658203125 0.0869140625 0.1650390625
1 0.7548828125 0.447265625 0.076171875 0.119140625
0 0.7265625 0.5966796875 0.0966796875 0.115234375
