0 0.1611328125 0.2216796875 0.107421875 0.14453125
1 0.3203125 0.3076171875 0.177734375 0.267578125
0 0.3076171875 0.2685546875 0.109375 0.130859375
0 0.47265625 0.3466796875 0.125 0.125
0 0.6025390625 0.4423828125 0.16015625 0.2421875
1 0.6337890625 0.423828125 0.095703125 0.107421875
1 0.228515625 0.7177734375 0.1328125 0.248046875
0 0.2119140625 0.7255859375 0.087890625 0.134765625
0 0.3447265625 0.7490234375 0.099609375 0.134765625
0 0.490234375 0.7451171875 0.15234375 0.232421875
0 0.5068359375 0.7451171875 0.099609375 0.130859375
