0 0.4365234375 0.0771484375 0.0595703125 0.0712890625
0 0.57421875 0.068359375 0.0751953125 0.0791015625
1 0.6708984375 0.203125 0.0869140625 0.1943359375
0 0.6865234375 0.1474609375 0.052734375 0.095703125
0 0.771484375 0.267578125 0.048828125 0.080078125
1 0.341796875 0.1845703125 0.087890625 0.1728515625
0 0.3212890625 0.134765625 0.0517578125 0.0869140625
0 0.232421875 0.25 0.0625 0.0966796875
0 0.1953125 0.5654296875 0.150390625 0.158203125
1 0.1396484375 0.529296875 0.04296875 0.095703125
0 0.8056640625 0.5625 0.16015625 0.1396484375
1 0.861328125 0.5322265625 0.046875 0.0859375
