1 0.478515625 0.4775390625 0.1064453125 0.2841796875
0 0.357421875 0.5146484375 0.09375 0.1337890625
0 0.482421875 0.521484375 0.0673828125 0.11328125
0 0.6025390625 0.5185546875 0.076171875 0.1220703125
0 0.705078125 0.48828125 0.0615234375 0.119140625
0 0.552734375 0.7626953125 0.13671875 0.2822265625
1 0.7802734375 0.73046875 0.09765625 0.2216796875
0 0.54296875 0.74609375 0.0751953125 0.119140625
0 0.677734375 0.77734375 0.0751953125 0.1513671875
0 0.7900390625 0.75390625 0.0673828125 0.12109375
