0 0.54296875 0.072265625 0.06640625 0.05859375
0 0.638671875 0.091796875 0.0703125 0.08203125
1 0.443359375 0.1748046875 0.11328125 0.16015625
0 0.4375 0.087890625 0.05859375 0.080078125
0 0.33984375 0.15234375 0.068359375 0.07421875
1 0.6962890625 0.2177734375 0.0859375 0.169921875
0 0.724609375 0.16015625 0.05078125 0.087890625
0 0.7861328125 0.2548828125 0.068359375 0.103515625
0 0.7626953125 0.4736328125 0.140625 0.1953125
1 0.8349609375 0.435546875 0.0625 0.119140625
0 0.2734375 0.4052734375 0.119140625 0.1796875
1 0.20703125 0.3701171875 0.05859375 0.107421875
