0 0.421875 0.3173828125 0.076171875 0.1171875
0 0.5927734375 0.314453125 0.0771484375 0.1103515625
1 0.7060546875 0.3359375 0.09765625 0.24609375
1 0.3046875 0.33203125 0.119140625 0.2373046875
0 0.28515625 0.330078125 0.0654296875 0.11328125
0 0.7236328125 0.32421875 0.064453125 0.1025390625
1 0.3759765625 0.615234375 0.0859375 0.244140625
1 0.6611328125 0.611328125 0.087890625 0.228515625
0 0.3720703125 0.6123046875 0.068359375 0.1259765625
0 0.46484375 0.6220703125 0.068359375 0.1220703125
0 0.5703125 0.615234375 0.06640625 0.1162109375
0 0.6650390625 0.615234375 0.064453125 0.1201171875
