0 0.4423828125 0.3212890625 0.1015625 0.14453125
0 0.59765625 0.34375 0.1015625 0.12890625
1 0.314453125 0.326171875 0.142578125 0.21875
1 0.720703125 0.3916015625 0.15625 0.265625
0 0.30078125 0.3115234375 0.078125 0.09375
0 0.736328125 0.3916015625 0.107421875 0.134765625
0 0.203125 0.3037109375 0.091796875 0.14453125
0 0.83984375 0.419921875 0.095703125 0.14453125
0 0.4560546875 0.5419921875 0.078125 0.111328125
0 0.55859375 0.5625 0.08203125 0.1328125
1 0.3603515625 0.52734375 0.119140625 0.19921875
0 0.3466796875 0.517578125 0.080078125 0.125
1 0.6474609375 0.587890625 0.134765625 0.21484375
0 0.6552734375 0.5859375 0.0859375 0.130859375
0 0.2373046875 0.5029296875 0.08203125 0.13671875
0 0.748046875 0.6201171875 0.09765625 0.1484375
