1 0.576171875 0.5888671875 0.107421875 0.328125
1 0.4169921875 0.5908203125 0.119140625 0.37890625
0 0.49609375 0.6064453125 0.0703125 0.23828125
0 0.58203125 0.59765625 0.068359375 0.220703125
0 0.408203125 0.6201171875 0.068359375 0.220703125
0 0.31640625 0.5908203125 0.083984375 0.302734375
0 0.6689453125 0.59765625 0.08203125 0.232421875
0 0.7412109375 0.591796875 0.12890625 0.455078125
0 0.763671875 0.552734375 0.072265625 0.271484375
0 0.818359375 0.556640625 0.06640625 0.216796875
0 0.2509765625 0.55078125 0.12109375 0.404296875
0 0.2392578125 0.5517578125 0.076171875 0.228515625
