1 0.3076171875 0.388671875 0.12109375 0.244140625
1 0.6884765625 0.392578125 0.11328125 0.23828125
1 0.35546875 0.625 0.123046875 0.23828125
1 0.6416015625 0.6240234375 0.11328125 0.224609375
0 0.4296875 0.3935546875 0.10546875 0.1328125
0 0.5830078125 0.3837890625 0.09375 0.12109375
0 0.7001953125 0.3916015625 0.0859375 0.13671875
0 0.2890625 0.3955078125 0.08203125 0.13671875
0 0.546875 0.6279296875 0.0703125 0.138671875
0 0.4482421875 0.6318359375 0.07421875 0.1328125
0 0.65625 0.626953125 0.080078125 0.13671875
0 0.3447265625 0.62109375 0.08203125 0.126953125
