1 0.5693359375 0.59375 0.12890625 0.330078125
1 0.4111328125 0.583984375 0.142578125 0.380859375
0 0.48828125 0.6064453125 0.0859375 0.23828125
0 0.5751953125 0.603515625 0.083984375 0.22265625
0 0.3994140625 0.61328125 0.083984375 0.22265625
0 0.310546875 0.578125 0.103515625 0.3046875
0 0.6611328125 0.6083984375 0.09765625 0.234375
0 0.734375 0.6083984375 0.158203125 0.45703125
0 0.7587890625 0.5712890625 0.08984375 0.271484375
0 0.8134765625 0.5791015625 0.08203125 0.21875
0 0.248046875 0.533203125 0.146484375 0.404296875
0 0.236328125 0.5341796875 0.091796875 0.23046875
