1 0.3486328125 0.3798828125 0.1484375 0.212890625
0 0.6220703125 0.4130859375 0.134765625 0.19921875
1 0.28125 0.5859375 0.125 0.193359375
0 0.5419921875 0.5859375 0.126953125 0.2265625
1 0.63671875 0.416015625 0.091796875 0.11328125
0 0.48046875 0.3662109375 0.099609375 0.173828125
0 0.3232421875 0.375 0.0859375 0.150390625
0 0.19140625 0.3525390625 0.08203125 0.181640625
0 0.6767578125 0.5751953125 0.08203125 0.11328125
0 0.5419921875 0.5810546875 0.103515625 0.146484375
0 0.3974609375 0.58203125 0.09375 0.138671875
0 0.259765625 0.5791015625 0.07421875 0.146484375
0 0.1728515625 0.5576171875 0.06640625 0.13671875
