0 0.65234375 0.255859375 0.14453125 0.24609375
1 0.3837890625 0.27734375 0.134765625 0.2734375
0 0.673828125 0.689453125 0.150390625 0.24609375
1 0.412109375 0.7021484375 0.119140625 0.234375
0 0.216796875 0.263671875 0.080078125 0.115234375
0 0.3828125 0.271484375 0.091796875 0.138671875
0 0.5263671875 0.236328125 0.08984375 0.154296875
1 0.6806640625 0.255859375 0.083984375 0.140625
0 0.685546875 0.6904296875 0.099609375 0.1640625
0 0.5263671875 0.736328125 0.10546875 0.142578125
0 0.3974609375 0.71484375 0.076171875 0.126953125
