1 0.306640625 0.4443359375 0.1181640625 0.20703125
1 0.734375 0.4423828125 0.1025390625 0.2333984375
1 0.361328125 0.6513671875 0.0908203125 0.2099609375
1 0.6640625 0.64453125 0.091796875 0.1455078125
0 0.19140625 0.4287109375 0.072265625 0.1083984375
0 0.259765625 0.634765625 0.0693359375 0.1494140625
0 0.2939453125 0.4462890625 0.0732421875 0.125
0 0.3564453125 0.6513671875 0.064453125 0.1298828125
0 0.4404296875 0.447265625 0.0888671875 0.158203125
0 0.611328125 0.4482421875 0.0849609375 0.14453125
0 0.4541015625 0.654296875 0.0712890625 0.1259765625
0 0.5615234375 0.6552734375 0.0703125 0.125
0 0.666015625 0.638671875 0.0712890625 0.1123046875
0 0.7607421875 0.634765625 0.0595703125 0.109375
0 0.853515625 0.427734375 0.056640625 0.130859375
0 0.748046875 0.439453125 0.076171875 0.1318359375
