0 0.427734375 0.423828125 0.0927734375 0.1572265625
0 0.5849609375 0.412109375 0.0859375 0.1630859375
1 0.7109375 0.3818359375 0.1220703125 0.2802734375
0 0.736328125 0.40625 0.0771484375 0.140625
1 0.3056640625 0.4013671875 0.1005859375 0.2861328125
0 0.287109375 0.427734375 0.0673828125 0.138671875
0 0.1865234375 0.4248046875 0.0654296875 0.115234375
0 0.8486328125 0.396484375 0.0517578125 0.1181640625
0 0.4208984375 0.68359375 0.0517578125 0.1455078125
0 0.521484375 0.673828125 0.068359375 0.1494140625
1 0.61328125 0.69140625 0.0927734375 0.2529296875
0 0.626953125 0.6875 0.0712890625 0.107421875
0 0.7314453125 0.66796875 0.0654296875 0.1064453125
1 0.3388671875 0.685546875 0.0830078125 0.24609375
0 0.3271484375 0.677734375 0.0537109375 0.1259765625
0 0.23828125 0.677734375 0.0478515625 0.1142578125
