0 0.5654296875 0.3125 0.083984375 0.123046875
0 0.39453125 0.3212890625 0.083984375 0.115234375
1 0.283203125 0.3505859375 0.115234375 0.251953125
1 0.68359375 0.318359375 0.134765625 0.244140625
0 0.7021484375 0.3154296875 0.072265625 0.1171875
0 0.2646484375 0.33984375 0.072265625 0.107421875
1 0.6318359375 0.6064453125 0.103515625 0.25
1 0.3466796875 0.6220703125 0.103515625 0.234375
0 0.6357421875 0.603515625 0.076171875 0.130859375
0 0.5439453125 0.619140625 0.076171875 0.126953125
0 0.4375 0.6201171875 0.07421875 0.12109375
0 0.34375 0.626953125 0.072265625 0.125
