0 0.5517578125 0.30859375 0.091796875 0.126953125
0 0.3818359375 0.3291015625 0.091796875 0.119140625
1 0.2734375 0.3662109375 0.130859375 0.2578125
1 0.669921875 0.306640625 0.150390625 0.251953125
0 0.689453125 0.3017578125 0.080078125 0.12109375
0 0.25390625 0.357421875 0.078125 0.111328125
1 0.638671875 0.5966796875 0.119140625 0.25390625
1 0.35546875 0.6328125 0.119140625 0.23828125
0 0.642578125 0.59375 0.0859375 0.134765625
0 0.5517578125 0.6162109375 0.083984375 0.130859375
0 0.4462890625 0.6240234375 0.08203125 0.125
0 0.3525390625 0.63671875 0.080078125 0.126953125
