1 0.673828125 0.3154296875 0.123046875 0.2265625
1 0.2939453125 0.3583984375 0.138671875 0.208984375
1 0.37890625 0.5732421875 0.126953125 0.248046875
1 0.6474609375 0.541015625 0.12890625 0.263671875
0 0.4052734375 0.2900390625 0.09765625 0.125
0 0.5576171875 0.2783203125 0.09765625 0.123046875
0 0.6845703125 0.2958984375 0.087890625 0.119140625
0 0.2734375 0.322265625 0.08203125 0.119140625
0 0.4658203125 0.5390625 0.08203125 0.115234375
0 0.5546875 0.529296875 0.08203125 0.123046875
0 0.376953125 0.5673828125 0.08203125 0.111328125
0 0.6513671875 0.5283203125 0.080078125 0.119140625
