0 0.5869140625 0.4169921875 0.12890625 0.2470703125
0 0.5517578125 0.626953125 0.140625 0.21484375
1 0.24609375 0.3935546875 0.1298828125 0.169921875
1 0.2978515625 0.5927734375 0.0888671875 0.1767578125
0 0.2255859375 0.37890625 0.0712890625 0.1181640625
0 0.2861328125 0.6142578125 0.0654296875 0.09375
0 0.4501953125 0.380859375 0.09375 0.162109375
0 0.388671875 0.6416015625 0.091796875 0.1396484375
1 0.59765625 0.376953125 0.080078125 0.15234375
0 0.55078125 0.6455078125 0.1005859375 0.1748046875
