1 0.6728515625 0.5888671875 0.103515625 0.19140625
1 0.3525390625 0.5615234375 0.099609375 0.189453125
1 0.650390625 0.4013671875 0.087890625 0.197265625
1 0.4228515625 0.3818359375 0.095703125 0.197265625
0 0.744140625 0.4150390625 0.068359375 0.12890625
0 0.65625 0.4033203125 0.06640625 0.12890625
0 0.5859375 0.3818359375 0.060546875 0.119140625
0 0.5078125 0.3720703125 0.064453125 0.09765625
0 0.4208984375 0.369140625 0.068359375 0.10546875
0 0.6806640625 0.5908203125 0.07421875 0.12109375
0 0.3427734375 0.5498046875 0.0625 0.09765625
