0 0.7080078125 0.447265625 0.091796875 0.130859375
1 0.568359375 0.4462890625 0.134765625 0.234375
0 0.5703125 0.439453125 0.087890625 0.10546875
0 0.431640625 0.4541015625 0.087890625 0.126953125
0 0.3046875 0.466796875 0.12890625 0.224609375
1 0.271484375 0.4619140625 0.0859375 0.140625
0 0.841796875 0.458984375 0.07421875 0.130859375
0 0.4580078125 0.68359375 0.08984375 0.119140625
0 0.3447265625 0.6572265625 0.130859375 0.2421875
0 0.3212890625 0.6591796875 0.080078125 0.134765625
1 0.5751953125 0.701171875 0.1171875 0.271484375
0 0.580078125 0.6875 0.068359375 0.11328125
