0 0.7763671875 0.419921875 0.091796875 0.12890625
0 0.890625 0.3916015625 0.072265625 0.12890625
1 0.6220703125 0.4306640625 0.14453125 0.224609375
0 0.6279296875 0.4287109375 0.068359375 0.1171875
0 0.482421875 0.435546875 0.095703125 0.12890625
0 0.3603515625 0.443359375 0.146484375 0.228515625
1 0.3291015625 0.4404296875 0.08203125 0.10546875
1 0.6513671875 0.6591796875 0.125 0.224609375
0 0.6611328125 0.6689453125 0.064453125 0.123046875
0 0.521484375 0.671875 0.08984375 0.12890625
0 0.396484375 0.630859375 0.146484375 0.2421875
0 0.373046875 0.634765625 0.08984375 0.11328125
