0 0.7119140625 0.4658203125 0.103515625 0.13671875
1 0.572265625 0.453125 0.15234375 0.2421875
0 0.5751953125 0.4462890625 0.09765625 0.11328125
0 0.435546875 0.4482421875 0.09765625 0.1328125
0 0.30859375 0.4501953125 0.146484375 0.234375
1 0.2763671875 0.4423828125 0.09765625 0.146484375
0 0.84375 0.4892578125 0.0859375 0.134765625
0 0.4423828125 0.6787109375 0.09765625 0.125
0 0.33203125 0.642578125 0.150390625 0.25
0 0.30859375 0.642578125 0.091796875 0.140625
1 0.5576171875 0.70703125 0.138671875 0.279296875
0 0.5634765625 0.693359375 0.078125 0.1171875
