1 0.6982421875 0.341796875 0.0947265625 0.21484375
1 0.3154296875 0.3310546875 0.1123046875 0.1943359375
1 0.3701171875 0.5556640625 0.09375 0.23828125
1 0.640625 0.5615234375 0.09375 0.25390625
0 0.435546875 0.279296875 0.08203125 0.1142578125
0 0.587890625 0.2880859375 0.0830078125 0.1123046875
0 0.7109375 0.3232421875 0.072265625 0.1103515625
0 0.30078125 0.29296875 0.0673828125 0.111328125
0 0.4609375 0.5341796875 0.0673828125 0.1064453125
0 0.5498046875 0.5361328125 0.06640625 0.1142578125
0 0.369140625 0.5498046875 0.068359375 0.1025390625
0 0.6455078125 0.548828125 0.0654296875 0.111328125
