0 0.857421875 0.24609375 0.09765625 0.138671875
1 0.693359375 0.3203125 0.16015625 0.2578125
0 0.7080078125 0.2822265625 0.1015625 0.125
0 0.5380859375 0.349609375 0.119140625 0.119140625
0 0.40234375 0.4345703125 0.14453125 0.232421875
1 0.3720703125 0.4150390625 0.087890625 0.1015625
1 0.755859375 0.736328125 0.1171875 0.2421875
0 0.771484375 0.7451171875 0.078125 0.12890625
0 0.63671875 0.7587890625 0.08984375 0.12890625
0 0.4931640625 0.7451171875 0.138671875 0.224609375
0 0.4765625 0.744140625 0.091796875 0.126953125
