0 0.412109375 0.333984375 0.080078125 0.1318359375
0 0.5693359375 0.3291015625 0.08203125 0.1162109375
1 0.287109375 0.361328125 0.1083984375 0.2021484375
1 0.6982421875 0.3544921875 0.1142578125 0.25
0 0.271484375 0.3486328125 0.0634765625 0.0849609375
0 0.7138671875 0.3525390625 0.087890625 0.12109375
0 0.173828125 0.3583984375 0.0693359375 0.134765625
0 0.8212890625 0.3623046875 0.0732421875 0.134765625
0 0.4638671875 0.548828125 0.060546875 0.1015625
0 0.568359375 0.5517578125 0.0615234375 0.1240234375
1 0.3671875 0.55078125 0.0888671875 0.1865234375
0 0.3525390625 0.5439453125 0.0615234375 0.115234375
1 0.66015625 0.560546875 0.1015625 0.2001953125
0 0.66796875 0.5576171875 0.0654296875 0.12109375
0 0.2421875 0.548828125 0.0615234375 0.1279296875
0 0.765625 0.5751953125 0.07421875 0.1376953125
