0 0.3173828125 0.447265625 0.1484375 0.203125
0 0.2958984375 0.6279296875 0.146484375 0.18359375
1 0.619140625 0.419921875 0.13671875 0.271484375
1 0.5751953125 0.66796875 0.11328125 0.24609375
1 0.2890625 0.44921875 0.078125 0.119140625
0 0.4794921875 0.4091796875 0.091796875 0.162109375
0 0.4619140625 0.66015625 0.087890625 0.166015625
0 0.2646484375 0.6171875 0.068359375 0.099609375
0 0.626953125 0.435546875 0.080078125 0.12890625
0 0.591796875 0.6357421875 0.068359375 0.125
0 0.7734375 0.431640625 0.087890625 0.142578125
