0 0.2880859375 0.4140625 0.095703125 0.125
1 0.4423828125 0.4296875 0.130859375 0.236328125
0 0.431640625 0.431640625 0.078125 0.111328125
0 0.5693359375 0.4443359375 0.09765625 0.130859375
0 0.70703125 0.4599609375 0.14453125 0.234375
1 0.73828125 0.45703125 0.06640625 0.109375
0 0.5390625 0.673828125 0.087890625 0.09765625
1 0.4228515625 0.671875 0.11328125 0.26171875
0 0.4111328125 0.6650390625 0.064453125 0.111328125
0 0.65234375 0.6572265625 0.109375 0.25
0 0.6708984375 0.6552734375 0.08203125 0.1328125
