1 0.3955078125 0.4326171875 0.16015625 0.224609375
0 0.7392578125 0.3974609375 0.171875 0.224609375
0 0.708984375 0.599609375 0.16015625 0.20703125
1 0.40625 0.6298828125 0.150390625 0.208984375
0 0.2294921875 0.4501953125 0.09375 0.134765625
0 0.3916015625 0.4296875 0.10546875 0.13671875
0 0.5791015625 0.392578125 0.103515625 0.166015625
0 0.763671875 0.404296875 0.109375 0.162109375
0 0.39453125 0.61328125 0.10546875 0.15234375
0 0.548828125 0.607421875 0.111328125 0.1875
0 0.724609375 0.59765625 0.10546875 0.15625
