0 0.234375 0.423828125 0.205078125 0.24609375
1 0.5439453125 0.365234375 0.1875 0.265625
1 0.583984375 0.595703125 0.1484375 0.234375
0 0.3076171875 0.6455078125 0.189453125 0.283203125
0 0.279296875 0.61328125 0.103515625 0.12890625
1 0.19921875 0.443359375 0.11328125 0.142578125
0 0.3779296875 0.3642578125 0.107421875 0.162109375
0 0.5439453125 0.36328125 0.11328125 0.140625
0 0.7177734375 0.3583984375 0.109375 0.13671875
0 0.58984375 0.5986328125 0.087890625 0.1328125
0 0.44921875 0.619140625 0.1171875 0.166015625
