0 0.30859375 0.375 0.11328125 0.13671875
1 0.45703125 0.419921875 0.1640625 0.251953125
0 0.4453125 0.419921875 0.09375 0.12109375
0 0.5791015625 0.4580078125 0.1171875 0.14453125
0 0.7109375 0.5009765625 0.177734375 0.251953125
1 0.7421875 0.5029296875 0.083984375 0.1171875
0 0.5048828125 0.6787109375 0.1015625 0.109375
1 0.3916015625 0.654296875 0.15234375 0.275390625
0 0.380859375 0.64453125 0.08203125 0.119140625
0 0.619140625 0.68359375 0.146484375 0.263671875
0 0.6376953125 0.6845703125 0.1015625 0.14453125
