0 0.498046875 0.0703125 0.0615234375 0.0517578125
0 0.5947265625 0.0791015625 0.0634765625 0.0751953125
1 0.41015625 0.1826171875 0.09765625 0.150390625
0 0.39453125 0.0966796875 0.05078125 0.07421875
0 0.3046875 0.1708984375 0.0625 0.0673828125
1 0.666015625 0.19921875 0.0693359375 0.1630859375
0 0.6875 0.138671875 0.0419921875 0.0830078125
0 0.7587890625 0.2265625 0.0576171875 0.09765625
0 0.7587890625 0.4462890625 0.12109375 0.1845703125
1 0.826171875 0.4013671875 0.05078125 0.1142578125
0 0.2646484375 0.4296875 0.1015625 0.1708984375
1 0.1953125 0.4013671875 0.0478515625 0.1025390625
