1 0.6982421875 0.3994140625 0.1171875 0.2421875
1 0.3173828125 0.3828125 0.109375 0.236328125
1 0.6376953125 0.6318359375 0.119140625 0.236328125
1 0.3525390625 0.6162109375 0.109375 0.22265625
0 0.576171875 0.3974609375 0.103515625 0.130859375
0 0.4228515625 0.3798828125 0.091796875 0.119140625
0 0.3056640625 0.3818359375 0.083984375 0.134765625
0 0.716796875 0.4072265625 0.080078125 0.134765625
0 0.4462890625 0.625 0.068359375 0.138671875
0 0.544921875 0.634765625 0.072265625 0.1328125
0 0.337890625 0.6181640625 0.078125 0.134765625
0 0.6494140625 0.62890625 0.080078125 0.125
