0 0.2939453125 0.4404296875 0.087890625 0.1279296875
1 0.43359375 0.4443359375 0.1259765625 0.2294921875
0 0.431640625 0.4375 0.0849609375 0.103515625
0 0.5703125 0.4560546875 0.0830078125 0.1240234375
0 0.6962890625 0.4736328125 0.12109375 0.220703125
1 0.7294921875 0.4697265625 0.0810546875 0.1376953125
0 0.16015625 0.447265625 0.0703125 0.1279296875
0 0.53515625 0.6845703125 0.0849609375 0.1162109375
0 0.6494140625 0.662109375 0.1220703125 0.2373046875
0 0.6728515625 0.6650390625 0.076171875 0.1328125
1 0.41796875 0.6982421875 0.107421875 0.267578125
0 0.4130859375 0.6845703125 0.0654296875 0.1103515625
