0 0.447265625 0.443359375 0.087890625 0.1103515625
0 0.5947265625 0.423828125 0.0791015625 0.115234375
1 0.6806640625 0.4072265625 0.0732421875 0.16796875
0 0.70703125 0.388671875 0.048828125 0.09375
1 0.3369140625 0.4423828125 0.0908203125 0.1953125
0 0.3291015625 0.4345703125 0.0615234375 0.1142578125
0 0.2529296875 0.4462890625 0.05078125 0.0810546875
0 0.7646484375 0.3828125 0.0390625 0.091796875
0 0.4931640625 0.6064453125 0.0517578125 0.1103515625
0 0.5673828125 0.607421875 0.0556640625 0.1083984375
1 0.638671875 0.603515625 0.076171875 0.201171875
0 0.63671875 0.5947265625 0.048828125 0.1181640625
1 0.4091796875 0.62890625 0.0751953125 0.2109375
0 0.408203125 0.6220703125 0.0576171875 0.1083984375
0 0.3076171875 0.625 0.064453125 0.1044921875
0 0.7353515625 0.5673828125 0.0556640625 0.1083984375
