1 0.6171875 0.6123046875 0.10546875 0.2421875
1 0.6611328125 0.3759765625 0.1171875 0.244140625
1 0.24609375 0.365234375 0.125 0.248046875
1 0.31640625 0.611328125 0.103515625 0.24609375
0 0.408203125 0.609375 0.0703125 0.115234375
0 0.5166015625 0.609375 0.064453125 0.107421875
0 0.6240234375 0.6103515625 0.068359375 0.12109375
0 0.2978515625 0.611328125 0.0703125 0.119140625
0 0.67578125 0.3671875 0.07421875 0.12109375
0 0.2236328125 0.3662109375 0.0703125 0.115234375
0 0.3623046875 0.3720703125 0.08203125 0.115234375
0 0.52734375 0.373046875 0.087890625 0.111328125
0 0.7880859375 0.35546875 0.078125 0.154296875
0 0.744140625 0.6298828125 0.091796875 0.150390625
