0 0.6357421875 0.44921875 0.14453125 0.185546875
0 0.5859375 0.6337890625 0.14453125 0.21484375
1 0.345703125 0.3984375 0.142578125 0.21875
1 0.33984375 0.5771484375 0.107421875 0.171875
0 0.19921875 0.3857421875 0.08984375 0.154296875
0 0.3310546875 0.400390625 0.0859375 0.125
0 0.490234375 0.4130859375 0.103515625 0.14453125
0 0.45703125 0.6142578125 0.091796875 0.140625
0 0.330078125 0.568359375 0.07421875 0.10546875
0 0.6025390625 0.6376953125 0.08984375 0.1640625
0 0.7294921875 0.65234375 0.095703125 0.134765625
1 0.64453125 0.4560546875 0.095703125 0.1328125
