0 0.44921875 0.373046875 0.083984375 0.12109375
0 0.5849609375 0.3564453125 0.078125 0.099609375
1 0.681640625 0.3759765625 0.0859375 0.19921875
0 0.6923828125 0.3876953125 0.0625 0.1015625
1 0.34765625 0.3701171875 0.0859375 0.193359375
0 0.3349609375 0.3681640625 0.05078125 0.123046875
0 0.2548828125 0.375 0.0625 0.10546875
0 0.76953125 0.4013671875 0.0703125 0.099609375
0 0.470703125 0.638671875 0.0703125 0.1484375
0 0.556640625 0.6435546875 0.06640625 0.138671875
1 0.6259765625 0.6376953125 0.08984375 0.2265625
0 0.638671875 0.634765625 0.064453125 0.111328125
1 0.39453125 0.6318359375 0.09375 0.220703125
0 0.380859375 0.623046875 0.0703125 0.12890625
0 0.302734375 0.611328125 0.06640625 0.111328125
0 0.7138671875 0.640625 0.0625 0.1328125
