0 0.26953125 0.3349609375 0.09765625 0.126953125
1 0.4169921875 0.3701171875 0.14453125 0.267578125
0 0.412109375 0.3544921875 0.080078125 0.103515625
0 0.5478515625 0.376953125 0.09375 0.125
0 0.6875 0.427734375 0.14453125 0.2421875
1 0.7138671875 0.4150390625 0.0859375 0.103515625
0 0.1494140625 0.32421875 0.072265625 0.109375
1 0.3818359375 0.6005859375 0.125 0.27734375
0 0.3681640625 0.5849609375 0.080078125 0.12890625
0 0.49609375 0.609375 0.08984375 0.12890625
0 0.6162109375 0.6064453125 0.142578125 0.26953125
0 0.634765625 0.609375 0.095703125 0.1328125
