0 0.2783203125 0.3232421875 0.103515625 0.1328125
1 0.423828125 0.3662109375 0.158203125 0.2734375
0 0.419921875 0.3505859375 0.0859375 0.107421875
0 0.5537109375 0.3798828125 0.099609375 0.12890625
0 0.69140625 0.4375 0.15625 0.248046875
1 0.7177734375 0.4267578125 0.091796875 0.107421875
0 0.1591796875 0.3056640625 0.078125 0.11328125
1 0.376953125 0.59375 0.138671875 0.28125
0 0.3642578125 0.578125 0.0859375 0.1328125
0 0.490234375 0.609375 0.095703125 0.1328125
0 0.611328125 0.61328125 0.15625 0.275390625
0 0.62890625 0.6162109375 0.103515625 0.13671875
