0 0.15625 0.380859375 0.072265625 0.1162109375
1 0.32421875 0.388671875 0.1357421875 0.2568359375
0 0.296875 0.3837890625 0.08984375 0.1044921875
0 0.595703125 0.396484375 0.1396484375 0.2060546875
1 0.61328125 0.40234375 0.0966796875 0.158203125
0 0.271484375 0.607421875 0.076171875 0.1123046875
1 0.404296875 0.6044921875 0.140625 0.263671875
0 0.3955078125 0.611328125 0.083984375 0.1279296875
0 0.546875 0.5908203125 0.09375 0.12109375
0 0.6806640625 0.5966796875 0.1572265625 0.2373046875
0 0.685546875 0.5615234375 0.087890625 0.130859375
