0 0.2890625 0.4619140625 0.1015625 0.13671875
1 0.427734375 0.451171875 0.1484375 0.2421875
0 0.42578125 0.4453125 0.095703125 0.111328125
0 0.5654296875 0.44921875 0.095703125 0.1328125
0 0.6923828125 0.453125 0.142578125 0.232421875
1 0.724609375 0.4462890625 0.095703125 0.14453125
0 0.15625 0.4833984375 0.083984375 0.134765625
0 0.5546875 0.6796875 0.095703125 0.125
0 0.666015625 0.6455078125 0.146484375 0.248046875
0 0.689453125 0.646484375 0.08984375 0.140625
1 0.439453125 0.7060546875 0.134765625 0.27734375
0 0.4326171875 0.6923828125 0.076171875 0.1171875
