0 0.3193359375 0.2763671875 0.166015625 0.255859375
1 0.587890625 0.2646484375 0.158203125 0.283203125
0 0.3505859375 0.708984375 0.169921875 0.2578125
1 0.6123046875 0.689453125 0.138671875 0.2421875
0 0.7529296875 0.23046875 0.087890625 0.12109375
0 0.5888671875 0.2587890625 0.103515625 0.146484375
0 0.44140625 0.2421875 0.1015625 0.16015625
1 0.291015625 0.279296875 0.095703125 0.146484375
0 0.3388671875 0.7109375 0.11328125 0.171875
0 0.501953125 0.7373046875 0.1171875 0.150390625
0 0.6279296875 0.7001953125 0.0859375 0.1328125
