1 0.7060546875 0.3525390625 0.10546875 0.21875
1 0.32421875 0.3212890625 0.123046875 0.19921875
1 0.3671875 0.548828125 0.10546875 0.2421875
1 0.6376953125 0.568359375 0.107421875 0.2578125
0 0.447265625 0.2763671875 0.087890625 0.119140625
0 0.5986328125 0.29296875 0.087890625 0.1171875
0 0.7197265625 0.3349609375 0.078125 0.11328125
0 0.3115234375 0.283203125 0.072265625 0.115234375
0 0.458984375 0.5322265625 0.072265625 0.109375
0 0.5478515625 0.5390625 0.072265625 0.1171875
0 0.3671875 0.54296875 0.07421875 0.10546875
0 0.642578125 0.556640625 0.0703125 0.115234375
