1 0.669921875 0.4521484375 0.138671875 0.2578125
1 0.251953125 0.5244140625 0.12890625 0.203125
1 0.642578125 0.65625 0.123046875 0.18359375
1 0.3623046875 0.71875 0.119140625 0.21484375
0 0.15625 0.556640625 0.08984375 0.138671875
0 0.2392578125 0.5283203125 0.083984375 0.115234375
0 0.2548828125 0.724609375 0.08984375 0.158203125
0 0.3623046875 0.48828125 0.111328125 0.142578125
0 0.3486328125 0.7060546875 0.08203125 0.130859375
0 0.453125 0.6884765625 0.08203125 0.138671875
0 0.546875 0.6708984375 0.087890625 0.140625
0 0.5419921875 0.4658203125 0.109375 0.130859375
0 0.685546875 0.455078125 0.09375 0.162109375
0 0.806640625 0.46875 0.107421875 0.1640625
0 0.765625 0.6640625 0.099609375 0.1640625
0 0.658203125 0.6552734375 0.080078125 0.134765625
