1 0.7275390625 0.486328125 0.1171875 0.220703125
1 0.357421875 0.40625 0.142578125 0.251953125
1 0.6337890625 0.67578125 0.11328125 0.177734375
1 0.3701171875 0.623046875 0.11328125 0.1796875
0 0.2099609375 0.392578125 0.083984375 0.12890625
0 0.3505859375 0.4091796875 0.087890625 0.125
0 0.4833984375 0.421875 0.111328125 0.14453125
0 0.62890625 0.4521484375 0.1015625 0.146484375
0 0.7412109375 0.486328125 0.076171875 0.123046875
0 0.82421875 0.5048828125 0.0859375 0.140625
0 0.365234375 0.6025390625 0.078125 0.10546875
0 0.4609375 0.6220703125 0.0859375 0.126953125
0 0.5537109375 0.6279296875 0.080078125 0.1171875
0 0.6484375 0.65234375 0.072265625 0.119140625
