0 0.6259765625 0.224609375 0.162109375 0.13671875
0 0.818359375 0.19140625 0.115234375 0.130859375
1 0.4228515625 0.23046875 0.19140625 0.197265625
0 0.4228515625 0.2392578125 0.111328125 0.111328125
0 0.2705078125 0.2314453125 0.16796875 0.16796875
1 0.240234375 0.220703125 0.1171875 0.099609375
0 0.21484375 0.818359375 0.140625 0.1171875
0 0.421875 0.798828125 0.119140625 0.119140625
1 0.6181640625 0.7353515625 0.212890625 0.23828125
0 0.6396484375 0.7548828125 0.12109375 0.134765625
0 0.833984375 0.69140625 0.111328125 0.115234375
0 0.935546875 0.6474609375 0.12890625 0.173828125
1 0.9599609375 0.6552734375 0.080078125 0.115234375
